	x	y
tnf_post_pie_b2_2_55_GCTATTGCAGAATGAC-1	7.1790833	3.768764
fast_pie_b3_44_TAAACAGCATAAGTCT-1	7.5575247	3.1991777
ibd_pbmc_post_ATTCACTTCGCTAAAC-1	11.037604	7.450482
tnf_post_pie_b1_1_50_ACTCGCTTCCTTCGTA-1	10.986227	7.656776
fast_pie_b3_44_GCGGTTATCACTCGCT-1	0.66965115	0.27862903
tnf_post_pie_b2_1_54_CGCCTCATCAGTTCCC-1	5.1545515	6.1089697
ibd_pbmc_pre_GGTGCTTCATAGGCGA-1	9.292161	8.661877
tnf_post_pie_b2_2_55_CTGGTTTGTGCACGCA-1	5.746889	4.6969366
fast_pie_b3_44_GGCCTAATCCCTGATC-1	5.7778363	1.6451297
tnf_post_pie_b2_1_54_CCCGTTGTCAAACCGT-1	-3.0437074	1.6528631
ibd_pbmc_post_GTACTGGTCCAGGGAG-1	7.731603	2.9796467
ibd_pbmc_pre_ATGGTCTAGAGAGGAG-1	-3.607935	3.588482
lgtd17_ATGAATGCATTAAGTC-1	-0.028375708	5.9438787
tnf_post_pie_b2_1_54_TTCAGTTTCCTCCCTC-1	0.5376213	-0.9358116
tnf_pre_pie_b2_52_AACTTAGTCCATTACT-1	4.4871035	6.7402954
fast_pie_b2_42_ACAAACTGTTATAGCG-1	4.515616	1.1579117
lgtd18_GTACTAATCAAACTCA-1	1.3282719	9.230623
tnf_post_pie_b1_2_50_GGCCTAATCACGTTAA-1	1.5642971	0.5770268
tnf_post_pie_b2_1_54_GAGTTACTCAATCATG-1	1.4538308	3.8362093
lgtd18_GGTCAAGCAGACAAAC-1	1.2578729	8.335182
fast_pie_b3_44_GGTTGCTCAGGCTTCG-1	1.9199848	1.3986235
fast_pie_b2_43_AATCCCTGTGATCATG-1	-3.741108	1.8356878
HDa_TTGGCTGAGGGTTATC-1	-1.4077142	2.3567476
HDa_ATTCGTTTCCTAAGAC-1	-2.5474174	2.407963
HDad_GGTATGTTCCTGATGG-1	1.316927	3.1446502
lgtd17_CGCATATAGCTTTGTT-1	5.8084974	8.846284
tnf_pre_pie_b2_52_ACCTGGATCTTAGTGA-1	5.8432097	2.5391138
tnf_post_pie_b1_2_50_GAGTAACCATGCATAT-1	9.844676	7.8000264
fast_pie_b1_40_CTTCGCGTCTCCATGC-1	5.6929054	0.44168618
lgtd18_ACCGGTTCAAGTGTCC-1	2.0646129	9.160732
tnf_post_pie_b2_1_54_GTCAGGCTCCGTGACA-1	10.213579	4.2214837
tnf_post_pie_b2_1_54_TTCACTGTCCGCACAA-1	-1.7423509	-0.70145607
tnf_post_pie_b2_2_55_TGCACACCAAGCGATG-1	1.5714967	1.3404839
lgtd17_TACGGATTCCTTAGTT-1	1.5830054	3.8451178
HDa_CTTGTTTAGTCTATGA-1	11.648845	7.8335366
fast_pie_b2_43_ACCTACCTCTGGCAAT-1	0.442112	-0.9879556
fast_pie_b2_43_TTGTTCCCAAACTGCC-1	6.6139092	1.7751209
ibd_pbmc_post_CAATGTGGTTCATTTG-1	9.938073	8.737908
fast_pie_b1_40_GAGTGTTTCCTGAATA-1	8.680453	7.1324944
fast_pie_b3_44_TTGCATTTCCAAATCA-1	10.39775	6.758457
lgtd17_CCCGCAACATTAAGCT-1	6.672543	7.903339
tnf_pre_pie_b2_52_CTATTGAAGTTATTCC-1	1.1353115	2.556667
tnf_post_pie_b2_2_55_AAGGTCAAGCCACAAT-1	-1.3702838	3.453236
tnf_post_pie_b1_1_50_TTAGCAGGTGATCATG-1	-3.5182438	3.6706467
lgtd17_AGAGAGGAGTCTCACC-1	2.3975196	7.8783407
fast_pie_b2_42_CGCAATTAGGTCCTGA-1	10.232584	3.5176551
tnf_pre_pie_b2_52_CTGTGTGAGTTGGATC-1	7.570409	6.814849
tnf_post_pie_b2_1_54_AGCTAACTCCGGAACC-1	9.954608	1.5794588
fast_pie_b3_44_CCCAACCGTAAGTCGC-1	8.623477	2.3361242
tnf_post_pie_b2_2_55_TTAAGCCAGTAACCAC-1	-4.6630487	1.5083821
ibd_pbmc_post_TAACCAGGTAGCAGCT-1	9.089122	7.956009
fast_pie_b1_40_CCTAATCGTTTGTGGA-1	8.816686	7.616626
HDa_GTGCGGTTCAAGCGCC-1	5.2514195	2.5989826
fast_pie_b2_42_GACTTGGTCATCACTT-1	5.4075937	2.3408713
lgtd18_CCTGTATGTGCATTAG-1	1.0799519	8.528751
tnf_post_pie_b1_1_50_GCTAGCCAGAGCCGGA-1	-5.8973904	1.0004367
fast_pie_b3_45_AAACCAACAAGCCACT-1	10.221266	7.4250813
ibd_pbmc_pre_CTGCTACTCCCATAAA-1	1.7953491	0.20842707
lgtd17_CTAATCGCAGCACGTT-1	-0.47080496	5.1936274
fast_pie_b3_45_GGTTGGTGTTACTTCA-1	0.8647327	0.078757524
lgtd18_CCTGGTAAGCGGATTT-1	1.478549	7.3824973
fast_pie_b3_44_CTGGATGTCCCTCTAA-1	4.9476156	5.9519334
fast_pie_b2_42_AGTAATCGTGCATTAG-1	-1.3746288	2.8780193
tnf_post_pie_b1_1_50_GTGGTTAGTCATAGAT-1	0.8444894	6.0190873
lgtd18_GATTCAATCAATGACC-1	1.5005627	8.231474
fast_pie_b3_45_CTTCAATTCTGGCAAT-1	7.8252916	0.00040746713
fast_pie_b1_41_CGGAGTCTCACGCCAA-1	4.8599253	2.6024873
fast_pie_b2_43_TACGCTTGTTAAGTGT-1	10.542653	7.050966
fast_pie_b3_44_CCCTCACCAAGTCGCT-1	9.441517	7.608327
fast_pie_b3_44_GGCTCAATCTCACACC-1	9.507929	7.5567846
ibd_pbmc_pre_TTTACGCGTAGGATTT-1	2.841289	1.0755054
fast_pie_b1_40_CGCAAATTCCCGTTAC-1	0.44283843	-2.2112455
lgtd17_CTGTTAAAGAGGGACT-1	-0.7826028	5.1172314
lgtd18_AAGCTATGTTTGAGGC-1	1.5912317	7.5985093
HDa_TGAGTGAAGACAGGTA-1	10.481013	9.136643
lgtd17_GACTATTCAATAGCAA-1	6.2676034	8.656051
tnf_pre_pie_b2_52_ACAACAACACTTGTTC-1	5.222233	1.654589
fast_pie_b1_41_CAATGACTCAAGTGAG-1	-1.5450627	1.016637
tnf_post_pie_b1_1_50_AATAGAGGTTGTGACA-1	2.3970494	1.7690814
ibd_pbmc_post_TGCCTGTTCGCCTAAG-1	10.390774	3.7265596
tnf_pre_pie_b2_52_TCGCGAGGTTAGGCGT-1	-0.8173828	4.32989
fast_pie_b3_44_AACGCCCAGGGCCATC-1	10.427401	7.6383915
ibd_pbmc_post_GAGCCACTCAACAAGG-1	-4.142667	0.93955886
lgtd18_TCGCATTGTCTATCGT-1	1.6476259	7.252261
tnf_post_pie_b2_1_54_ATCCTCATCTTGCAGG-1	7.3350263	3.1499317
lgtd18_TGTTGTAAGTACTGGT-1	1.9884585	8.428907
fast_pie_b1_40_ATATGCATCACACAGT-1	8.442583	0.5317214
tnf_pre_pie_b2_52_CAATCCCTCATAATCG-1	9.066	8.065501
fast_pie_b2_43_CCCAAATAGTCATTAG-1	8.409245	-0.2114399
fast_pie_b1_40_TCATAACCACTCGCTC-1	-1.0818255	-0.46708047
tnf_pre_pie_b2_52_CGGGTATGTCGACTAA-1	7.770985	7.1524267
tnf_post_pie_b2_1_54_GAGCTGCTCATCCTCA-1	-2.731435	1.4587746
fast_pie_b2_42_GTAATAGCAGGCTAGA-1	8.411811	5.8084993
tnf_post_pie_b2_1_54_TTTGTGAAGGCGGATG-1	0.38362917	2.5868175
tnf_pre_pie_b2_52_GGGTATTTCACAGCGC-1	7.9250245	8.994883
fast_pie_b1_41_AGAATCGAGGACCTTG-1	-0.15398632	-0.2879476
tnf_post_pie_b2_2_55_TTTAACCTCACACAGT-1	10.536447	6.425936
fast_pie_b2_42_CCATAAATCGGTCATG-1	-1.3404626	0.10988849
fast_pie_b1_40_ACGACAAAGTTAGAGG-1	9.823142	1.7010651
lgtd18_CGCAATCCATATAACC-1	1.2423309	8.193894
lgtd18_GTGAACAAGCGCATTG-1	1.2149813	8.357911
lgtd17_CCAAACCCATGAATCT-1	0.9252832	5.0001674
HDa_CAGGCTATCCGTTAAA-1	10.750556	8.925319
tnf_post_pie_b2_1_54_CACAAGCGTCGACTCC-1	-5.451136	0.7625395
fast_pie_b1_40_AAGTTTGTCTTGACCC-1	5.01164	2.4022517
tnf_post_pie_b2_1_54_CACCAACCAAGGTGGC-1	9.17318	7.397941
lgtd17_CTATTCAGTTGCGCGA-1	6.87496	8.282402
fast_pie_b1_40_GTTTATCTCTAACTGA-1	8.296836	-0.23825186
lgtd17_CCTAAAGGTAAACAAG-1	-0.38515458	5.0620527
fast_pie_b2_43_TAAAGCCTCTATTGTC-1	1.0747101	-0.09158042
lgtd17_ACCTAAATCTTAAGTG-1	1.6307408	4.205549
tnf_post_pie_b2_1_54_TTGTCCGGTCATCCTG-1	-2.6723428	0.542108
ibd_ilc_pre_ATGATGGAGTGAACGA-1	6.4620237	2.4474137
tnf_post_pie_b2_1_54_ATCACCCTCCGCCTAT-1	-3.019588	-0.23469198
lgtd18_GAGAACCAGAGGAGGA-1	2.110595	9.190433
lgtd17_TCCACAACAACCCTAA-1	2.7627807	3.7532194
fast_pie_b3_45_GGCCTAATCGTTTCCA-1	0.86214954	1.3165481
fast_pie_b2_42_CAGGACACATGAAATG-1	3.509514	3.9549327
fast_pie_b2_43_CAAACACTCCGCATGA-1	-1.1531796	1.5009975
fast_pie_b1_40_CCCAAACCACAATACT-1	-1.7531954	-0.407462
fast_pie_b2_43_ACCTTCCAGTTGGGCC-1	4.8399124	2.0116594
HDu_TTGGATTCAACAGGAT-1	5.66116	7.586318
tnf_pre_pie_b2_52_GAACCGCTCAATCATG-1	10.597012	7.049732
fast_pie_b2_43_CACAGGCTCATAGACC-1	-0.341987	0.99513566
lgtd18_GAGGTACAGGGTGAAC-1	1.3860579	7.552233
lgtd17_TAGCCTGAGGCCATCA-1	-0.33605617	5.069496
fast_pie_b2_43_GCGCGATTCTACTAAG-1	6.488953	1.4997561
tnf_post_pie_b2_2_55_TGTCCTGGTCCTAATC-1	4.434642	2.8588736
fast_pie_b2_43_TATGAAGCATTGCGAC-1	9.146275	6.939132
lgtd17_GATTACTCATCTAGCA-1	0.6036072	5.4460015
tnf_pre_pie_b2_52_TCCTGGTTCTGGTCCT-1	8.145566	6.511525
fast_pie_b2_42_GTTAGGCGTGAACAAA-1	1.0693766	2.913833
fast_pie_b3_44_TAGGCTAGTTGTAACG-1	5.2382298	2.2443264
ibd_pbmc_post_GAGCTAGCAATTGACT-1	-3.9586515	0.9509692
tnf_post_pie_b2_1_54_GGTGAGTAGGACCTTG-1	4.873238	7.1153455
fast_pie_b3_45_GCTAGCCAGGGCTTTG-1	-5.23564	1.0155082
fast_pie_b1_40_AATGCATGTATTGGTG-1	-0.5801911	-0.39450765
tnf_post_pie_b2_2_55_GGAGCAAGTCAAACTG-1	7.6987767	7.708936
lgtd17_GGGCCTAGTACCCACC-1	0.81654453	4.384034
tnf_pre_pie_b2_52_TGCTTGCTCAATTACG-1	8.273639	6.6513877
ibd_pbmc_pre_CAAACCGTCTTGCAGG-1	2.1463022	0.36443496
fast_pie_b1_41_TATGCATCAACAGCCT-1	9.540404	6.4915743
HDad_AAACATGCAACTCGCG-1	1.8795277	2.9466956
lgtd17_AACCCGCAGTAGAGGC-1	1.9022932	4.735931
fast_pie_b2_42_GGTAAGGGTGTCCAGG-1	3.6987627	2.45616
lgtd18_CAAACCGTCATGTGGT-1	4.4157195	8.419922
lgtd17_CTGATCACAACGTGCT-1	0.08275403	5.270024
tnf_post_pie_b2_1_54_GACTTAGGTCAGGAAG-1	1.7106999	7.530509
tnf_pre_pie_b2_52_CGCTTAACACTTCACT-1	-3.7004216	3.7231617
ibd_pbmc_pre_AGAATCGAGAGAGGCT-1	0.47139752	1.3120649
fast_pie_b1_41_GTCAATATCTCCTCAA-1	6.876794	2.0506573
lgtd17_GCCTGCTGTCCACAAA-1	1.9235553	4.748503
tnf_post_pie_b1_2_50_GTTTCCTCATTAGCCA-1	9.041065	6.373695
tnf_post_pie_b2_2_55_ATTAGGTGTTTGTGGA-1	0.74319553	0.06631892
fast_pie_b2_42_AATCCCTGTTTAGCGA-1	-2.2892482	0.18423457
fast_pie_b1_40_TAAGCTATCAGCATTA-1	-0.3936388	-0.42075154
tnf_post_pie_b2_2_55_GCTTGTTGTTCTTTAG-1	10.236629	7.9887056
lgtd18_CGAGGTGAGCCGCTTT-1	4.9601316	8.77413
HDa_TCAAGCTAGATAGACG-1	11.608066	8.20278
fast_pie_b2_43_TTAAGGTGTAATCCCT-1	0.56463176	0.52143425
fast_pie_b2_42_TAGGTTGGTCCTAACT-1	-0.0036209233	1.0939567
fast_pie_b3_44_TAGCGGCTCTTAAGTG-1	0.91716266	-1.3493133
lgtd18_AGCACTAGTGTTTGTC-1	2.28489	8.873262
ibd_pbmc_post_CTTAGGAGTTTGTTGC-1	9.082005	7.7391458
fast_pie_b3_44_CAAACAACAAGCCACT-1	6.296456	1.8203702
ibd_pbmc_pre_ACTTGTCGTGAGCACT-1	8.15887	3.9832873
tnf_post_pie_b2_1_54_AATTGACGTCATCAAG-1	-2.2437708	1.9548727
tnf_post_pie_b1_1_50_AGCGATTTCGCAATCG-1	-0.004594267	-0.58348984
HDa_GTGCTCCGTGATGAAA-1	-0.60036284	2.6280866
lgtd18_AGCTGCTCACTGGCCA-1	2.237093	7.9079986
fast_pie_b3_45_TCCTCAATCACAGCGC-1	10.356217	7.877264
fast_pie_b2_42_GTTGGAGCAGTTAAAG-1	8.056792	5.882311
fast_pie_b2_42_GAACTTATCAACCAAC-1	0.426387	4.2718873
tnf_pre_pie_b2_52_TAATGGTGTTAATGAC-1	-2.9854164	1.6927938
fast_pie_b2_42_ACGCCACAGGGCTAAA-1	8.639587	5.2481713
tnf_post_pie_b2_1_54_ACTATCCGTGTGTGGT-1	-3.8673732	1.5181631
fast_pie_b1_41_GCAATGTTCTATGACA-1	-0.33721635	0.2143181
fast_pie_b2_42_TTGGATCAGGCCTTAG-1	-0.46104112	2.9787297
fast_pie_b3_45_TTTGTGTTCGAGGAGT-1	2.0815253	4.7143106
fast_pie_b1_40_CTTGGACCATCTAGCA-1	7.724971	6.9034905
ibd_pbmc_pre_GGCTGGTTCCTGTTCA-1	2.7759018	0.5251265
fast_pie_b1_40_GTATGTTCAACAACAA-1	-1.6673869	1.121217
fast_pie_b3_45_CGTAACTAGGCTACTG-1	0.27960366	0.81904143
lgtd17_TAACCTAAGGTGAAAT-1	1.410547	5.2422094
ibd_pbmc_pre_GCTTACCTCGTCCTTA-1	2.1196537	0.14678699
tnf_post_pie_b1_2_50_CCATAATCAGGACCAA-1	0.245978	1.4714168
fast_pie_b1_40_TGCAAGCGTAGTCAAT-1	8.054526	1.1140621
fast_pie_b1_40_CTTAATGAGGAACGGT-1	8.737398	0.72527236
fast_pie_b3_44_ATGGCCCAGGAACCGG-1	1.1910563	1.0274032
tnf_post_pie_b2_1_54_ATGTAACGTGAGCACT-1	-3.6905434	1.9928811
HDv_GTTAATGTCGAGGAGT-1	10.248543	8.102149
fast_pie_b1_40_TTTGAGTCAGTTAGCC-1	-5.3761997	0.25384492
fast_pie_b2_42_CCTTCGGTCGCTCCAT-1	0.0375818	2.2845342
lgtd18_ACACTTGCACAATGCC-1	1.1217525	8.908386
fast_pie_b2_42_GGGTGAAGTACTTAGG-1	4.8621945	1.8032496
fast_pie_b2_43_ACAGGCTGTGCCTCAC-1	3.1077163	-0.7091761
lgtd18_ATCACTAAGTAGCGGG-1	1.1239598	7.6960244
lgtd18_AGAGAGGAGCATGTCG-1	2.435639	8.624174
fast_pie_b2_42_GGGAGTAGTTAATCGG-1	1.2929205	1.2867405
fast_pie_b2_42_TTTGCGACAATAGCCC-1	1.8850291	-0.72163165
fast_pie_b1_40_TCCGGAATCAGGGCCT-1	-4.039553	1.6771804
lgtd18_TTATCCTAGTTACTTC-1	1.2364109	8.777153
fast_pie_b2_43_TTTCCACCATTGTCCT-1	7.9896283	3.5372262
fast_pie_b2_42_GACCGTTCAGGTTAAA-1	7.445409	7.4245496
fast_pie_b2_43_CTTTGAGCACTAAGCC-1	-1.4471011	1.8697132
HDa_TACGTAATCCATAATG-1	-3.1999753	2.0965328
fast_pie_b2_42_TTGTGCGAGGAGGTTA-1	1.2687463	1.6079285
tnf_pre_pie_b2_52_GGAACCACATTAAGTC-1	-3.5204847	4.0671916
fast_pie_b1_41_CTTAAGGGTATCTGGA-1	1.6815889	0.52989733
lgtd17_AACTCACAGGCAACAA-1	3.0891454	3.8383503
tnf_pre_pie_b2_52_TCGCTAACAGCCAGAA-1	7.521092	8.527131
fast_pie_b1_41_TACGCACCAGTAAAGC-1	-2.0414436	0.31596774
tnf_post_pie_b1_1_50_CTGTTGGAGCTGTCAG-1	1.5114485	-0.2044803
fast_pie_b2_42_CTACCGGCATTGTGGC-1	3.3647094	-0.5694335
HDad_AGCAAATAGTAGCGGG-1	-0.84038603	4.419717
tnf_post_pie_b2_1_54_AGACACGCATCATGTG-1	-2.7623258	1.2158059
fast_pie_b3_44_ATTTGCGCACGTGCTG-1	9.00516	8.07804
fast_pie_b3_44_CGTTGCGCATCAGCAC-1	-0.75453323	0.9191637
tnf_post_pie_b2_2_55_ATGGACAAGCTTAACA-1	4.4733973	5.62308
HDj_CAGGCTGGTTCACTGT-1	-3.3560305	3.6034744
HDa_CATCAATCAAGCTTAT-1	-1.1417916	1.7357591
lgtd17_GAGCCTTCAACAGCCT-1	-0.11794372	4.8240685
lgtd18_ACCAGGCTCTGTGAGT-1	2.238345	8.670231
lgtd17_TAGCCTTGTTTCCTCC-1	0.65615433	3.3293579
tnf_post_pie_b2_2_55_TGTAAAGCATCATGGC-1	3.883624	4.6718636
tnf_post_pie_b2_1_54_AAAGGTTAGTGCTGTG-1	-3.2827296	2.206465
fast_pie_b2_43_AACAGATAGTTGGCCA-1	-1.1354781	0.8650896
HDa_TGATTAGTCTGTGCCT-1	-1.0172814	2.0369809
HDa_GATGGCTGTTTGCAGA-1	10.85075	8.886887
HDj_GGATTATGTGGAAACG-1	-2.308187	0.4276814
tnf_post_pie_b2_1_54_GGTCATTAGGGCCATC-1	-1.9958458	2.461621
fast_pie_b3_44_CGACTAAGTCCTAACT-1	-1.2198764	0.4206398
tnf_pre_pie_b2_52_TCATTACTCCTAAGGT-1	-4.210767	2.0451715
HDu_CTCAGGATCTCAATAG-1	1.7887313	6.4299297
ibd_pbmc_post_CAATAAGCAAGCGATG-1	9.391728	8.219935
HDad_CAACCCGCATGTTGTG-1	0.10768008	4.352722
HDad_CTTCTCAAGACTATTG-1	-0.6617836	-1.5728204
lgtd18_ATCACACAGTAACTCA-1	0.71257615	8.030963
lgtd18_AAGGCCCTCGTAATCA-1	2.472125	8.104296
ibd_pbmc_pre_CTTTGTCCAGCCAGTT-1	9.299921	8.253084
lgtd17_AGAGGATGTTGTGACA-1	6.009863	8.538145
tnf_post_pie_b2_1_54_TGATTAGTCATGCCTC-1	-2.5341825	2.3240807
HDa_AAGGATCCACAATACT-1	-0.09647775	2.613729
fast_pie_b3_45_TAGCGCGGTCCCGAAG-1	0.54180145	-1.408237
fast_pie_b3_44_ACACCTTGTCTAACCT-1	5.646571	1.9391314
tnf_post_pie_b1_2_50_CTAACCCTCGTGCCTT-1	-2.8513331	3.7937713
tnf_post_pie_b2_1_54_ATTCACTTCCTTAATC-1	-3.6714318	1.7449164
fast_pie_b3_45_CGTTAGGTCTCCATGC-1	-1.6965569	1.154439
fast_pie_b3_44_GTGCGGTTCGCTATAA-1	1.8930078	-1.3908628
HDa_TTGGCTTGTCGACTCC-1	11.238223	8.4054
lgtd17_TAGCATATCTATGACA-1	-2.0897954	4.2025204
tnf_post_pie_b2_1_54_GTGGTTAGTACTGAAT-1	9.750321	6.0646634
lgtd18_CATCATGCATCTAGCA-1	0.83672565	9.103918
fast_pie_b3_45_TGCGGTTCATCGCTTT-1	2.282919	1.9200605
tnf_post_pie_b2_1_54_GATGAGGGTTTATGGG-1	0.6264959	0.810328
lgtd18_GTGCGCAGTGTGCACG-1	2.1561356	9.185686
lgtd18_GAGGCTACATGCTCCC-1	4.7859554	8.364049
fast_pie_b3_45_TGCCTGTTCGTTTCTG-1	5.560503	0.6991199
tnf_post_pie_b2_1_54_GTCAGGCTCAGCATTA-1	4.6867113	5.508155
ibd_ilc_pre_TAACCGGTCGAGGAAC-1	1.6108599	-0.08544756
fast_pie_b3_45_GCGAAGTAGTTTGGGT-1	2.5594695	0.11902797
tnf_pre_pie_b2_52_TGGTAAACAGCCTTGG-1	-3.5605843	3.9711828
fast_pie_b2_42_GCTTTACGTTTGGGCG-1	8.56716	0.113153055
tnf_post_pie_b1_1_50_ACGTACCCAAGTGTTT-1	7.1986027	3.2250352
lgtd18_TGAGAACCAAGGCCAA-1	2.3458462	8.037778
tnf_post_pie_b2_2_55_GGTCATTAGTAGCTTA-1	9.186766	6.19607
lgtd18_CCGCACACAAACAACA-1	1.4448733	9.341188
tnf_post_pie_b2_1_54_TCGTGCTTCTGGCTTC-1	6.827863	4.392026
fast_pie_b3_45_CGCTATGAGGGATGCG-1	-1.8167486	1.3225834
fast_pie_b2_43_TCTTAGTTCCTTTACG-1	2.5185707	-1.3820468
lgtd17_GCAAGTGCACAAAGAC-1	1.9077257	4.5744014
fast_pie_b3_44_TTTCCGGGTAATCCCT-1	10.79496	7.416962
fast_pie_b3_44_AATCCATCAGCAATAA-1	10.121978	6.3808
HDa_ATATAGGCATCACTTC-1	-2.26436	1.8227464
fast_pie_b3_45_GGTCCATCACCTGCCT-1	-0.34008923	0.6677881
fast_pie_b1_40_CACCAACCAAGCTTTG-1	9.32464	5.97022
tnf_post_pie_b2_2_55_TGGTCATAGGCTACTG-1	4.629546	4.4774
ibd_pbmc_pre_ATTAGGTGTGTTGCTT-1	2.1087773	1.0985041
tnf_pre_pie_b2_52_GGGAGTAGTCTTACTA-1	7.9066195	7.097431
fast_pie_b3_44_TGTAATGTCGAGCAAA-1	6.0794506	2.3372092
tnf_post_pie_b2_1_54_TAAGCTATCGCACAAT-1	10.961369	7.7614527
HDad_GAGTCATTCCTGAATA-1	3.485976	3.2193828
fast_pie_b1_41_ACCCGGTAGAGCCGCT-1	1.8019485	1.1146351
tnf_post_pie_b2_2_55_AACTACTCACCAGGTT-1	0.4746533	0.36695763
fast_pie_b1_40_GGAAGTATCAATGAGG-1	1.1863146	-0.510912
tnf_pre_pie_b2_52_CGTTAAATCGCTAAAC-1	-5.269003	1.4856577
tnf_post_pie_b2_1_54_ATGCAGGCACTCGCTC-1	4.602754	5.7251024
fast_pie_b2_43_TTGGCTTGTTGGCGTG-1	3.7532144	2.1257544
fast_pie_b3_44_TCTAGCCTCCGTTATT-1	10.373736	7.1499925
fast_pie_b2_42_TGCACTTGTGAGCAAG-1	0.9221086	2.5985105
fast_pie_b1_40_AGACCCGGTTACGCAA-1	9.200113	1.8320498
tnf_post_pie_b1_2_50_CATTATCTCCAGCACA-1	1.0987757	1.0198945
ibd_pbmc_post_CTAACCCTCCCGCAAA-1	6.7397256	1.6775374
lgtd18_GTGTGCGGTGAGCAAG-1	2.441573	8.195406
fast_pie_b3_44_TGCGGTTCATTGTCAG-1	-5.266048	0.8983428
tnf_post_pie_b2_2_55_TTATGACCAGGCGATA-1	1.8240958	1.7169527
ibd_pbmc_pre_CAATCGCCACATAGCC-1	9.056985	6.611147
ibd_pbmc_pre_CTGGCTAAGTCTCACC-1	2.9420395	0.5936772
tnf_post_pie_b2_1_54_TAGTTGTCATTTGCTC-1	3.7669454	4.549217
fast_pie_b1_40_TTTGTGGCAGGCTAAG-1	5.7124968	2.029729
fast_pie_b3_45_TTAGGATGTTGCGCGA-1	-0.28957832	0.41741434
fast_pie_b2_42_CAAATCATCGGGACCT-1	7.771745	8.245474
fast_pie_b3_44_CTATTGAAGACACCGC-1	6.623454	3.9721437
lgtd18_CGATGTCCAAGGTACG-1	1.4912994	7.6719117
fast_pie_b3_44_GTCATCCTCCGTAAAC-1	-0.57221794	0.71295345
fast_pie_b3_44_TTCCCGCCATACCCGG-1	2.6277626	-0.5811563
fast_pie_b2_43_GTCTATGCATTAAGTC-1	0.43783292	-0.96288097
tnf_post_pie_b2_2_55_ACTCGCGCACCATATG-1	-1.8205097	3.2288294
lgtd17_TCTCAATTCACACAGT-1	7.7222695	1.4153813
HDa_CGGGTCTAGTAACGGA-1	-1.4435564	2.31703
tnf_post_pie_b2_2_55_TACTGGCCATGTCGCG-1	-1.741054	0.16385055
fast_pie_b3_44_GATTAGTGTATTGTGG-1	0.7164832	-0.14135905
lgtd17_GTATGTTCAGATTCAT-1	-2.65038	4.3001018
HDad_TACCGCAAGCACAGGG-1	1.2946277	4.0555425
fast_pie_b2_42_CATCGCTTCCTCCCTC-1	5.9389324	2.2883108
fast_pie_b3_44_TGATCCTGTAGCCATA-1	4.9700966	2.3540745
lgtd18_GCTATCCTCTTGAGGT-1	1.8017968	9.204888
tnf_post_pie_b1_2_50_GGGTCACTCGCTTGCT-1	9.141765	8.976289
lgtd18_ACTAATCCACCCACAG-1	1.8671939	8.612235
fast_pie_b3_44_CCTTAGTGTACTTAGG-1	-0.72101486	-0.090388894
fast_pie_b3_44_TGGTCAAGTCGCAAAC-1	1.5291786	1.9206302
fast_pie_b1_40_CTGGACCAGTAACCCG-1	0.85521936	-1.2006453
tnf_pre_pie_b2_52_AGTAGGATCAAGCGCC-1	0.87514615	2.4554577
fast_pie_b3_45_GTTTCCTCATAGACCC-1	4.5428047	6.5854607
tnf_post_pie_b2_1_54_ATGATGACATAGACTT-1	4.3380256	5.4092636
fast_pie_b2_42_TACCGAAGTATACTGG-1	8.0570345	5.016408
tnf_post_pie_b2_2_55_GGACTAAAGGAGGACT-1	4.9531803	2.965104
lgtd18_TAAGCCTAGTTTAACG-1	1.8388599	7.9235563
lgtd18_TCACCTCAGTTAGCCG-1	4.0262256	7.705538
fast_pie_b2_43_ATGCTTAAGTTTCCTG-1	8.718377	5.370663
fast_pie_b2_42_TATCGAGGTAGGTGTC-1	4.71731	1.6839986
lgtd18_CCAGTTTGTTGGCCGA-1	1.0327003	8.689293
fast_pie_b3_45_CAACCCTTCCCGAAGC-1	0.09564984	-1.0104163
fast_pie_b2_42_GGGCGAATCTCGCCCA-1	3.2531424	2.6130857
fast_pie_b2_43_ATGAATGCACCTACGG-1	9.925748	6.7136173
lgtd18_TTATAGCCATCAGCAC-1	1.9935268	8.537425
fast_pie_b3_44_CGACTAAGTTACAAAC-1	-0.3555756	-1.0652108
HDa_GGAACCACACATAGCC-1	-2.4352124	2.1342456
lgtd17_GAACTTATCACTAGGT-1	0.64606553	5.1001525
fast_pie_b1_41_CTCCCTGAGGCATTAC-1	10.335952	3.880685
tnf_post_pie_b2_2_55_CGAGGTGAGCTACTGG-1	9.525463	8.473957
fast_pie_b1_41_ACCCGGTAGAGAAGGG-1	1.255547	2.4878569
lgtd18_TACAGGTTCCCTCGCA-1	1.1523826	8.909682
tnf_pre_pie_b2_52_CTTAATGAGCTGCACA-1	1.0525566	2.2093234
tnf_post_pie_b2_2_55_ACACTTAAGTTCCTGC-1	0.7757134	-0.054719195
tnf_post_pie_b1_2_50_TGTTGTGCATGCAACC-1	1.7612821	2.4016106
tnf_pre_pie_b2_52_ATATGCATCACTTTAC-1	1.3860397	1.5982666
tnf_post_pie_b2_1_54_AACCGCTCAAGCTTAT-1	9.395211	8.751137
fast_pie_b3_44_AAGCGAATCAGCTAAC-1	1.8334119	2.4696653
tnf_post_pie_b2_1_54_ATCCCGCGTACAAAGA-1	5.4970164	2.2918425
HDa_GTCAATATCCCAGTAG-1	0.17870161	2.7629304
fast_pie_b2_43_AGGTGAATCCTAAGGT-1	-5.7063336	1.0942398
lgtd18_CGCTTCTAGGCTGTCA-1	4.6803255	8.728778
lgtd17_AGGATTGAGCGCTAAT-1	1.9846703	5.5700316
fast_pie_b2_42_GTCTATCGTCAAAGAA-1	-4.0785604	1.1902778
HDa_AGTAAACAGAGGAGTC-1	-2.0096455	2.6203766
fast_pie_b1_40_TGGACTAGTGTTCCCA-1	8.21356	0.76812005
lgtd18_TATTAGCCACAGGGAC-1	0.5122068	9.05761
lgtd17_TCGTCAACAACAACAA-1	6.66726	8.4944725
lgtd18_ATTACCGCACCTAATG-1	5.015842	8.599952
tnf_post_pie_b2_1_54_CGGCAATGTAGTTGGC-1	-0.23289067	2.947668
tnf_post_pie_b2_1_54_AAAGGAGCACATTAAC-1	6.2027025	7.686861
tnf_post_pie_b1_2_50_ATCACACAGCTCCCTG-1	4.7875433	0.8426268
HDa_CGCCTGTGTGCTAGCG-1	-1.9245176	2.8010564
tnf_post_pie_b2_1_54_GGGTCAACATTATCCC-1	-4.844562	0.22720405
tnf_post_pie_b2_1_54_AGGTCAAAGTCTTGAA-1	7.0191755	4.23979
fast_pie_b2_42_GTCTTTAGTGACCTGG-1	-1.0724611	2.593058
ibd_pbmc_post_AACGGTAAGTTGTCAA-1	7.642077	6.389358
ibd_pbmc_post_CAAAGCGCAGCATGTC-1	9.37265	8.690163
fast_pie_b3_44_ATGGCCGGTTCATCTA-1	8.622721	7.009926
fast_pie_b2_42_ACACTTGCAAAGCGGC-1	6.222431	6.7683635
tnf_post_pie_b1_1_50_GGTTACTAGGTAAGGC-1	-0.996043	3.306688
lgtd18_CGAGCTGGTTCGGGAT-1	0.5799922	8.185116
fast_pie_b3_44_AAGGATTAGCTAATCA-1	1.0059564	1.7860754
fast_pie_b3_44_CAATAAGCATATTGAC-1	10.869086	7.374394
fast_pie_b3_45_TTTAACCTCATTCATC-1	0.37573612	-0.67594975
fast_pie_b1_40_CTGTATTTCCTTGTTG-1	5.369388	0.861444
lgtd18_CTCACACTCCTCAGCT-1	1.3764379	8.877898
tnf_pre_pie_b2_52_CAACTAGGTTTGGGCG-1	2.1128578	2.875105
lgtd17_GACACTAGTAATCGTG-1	2.8695	4.043056
tnf_post_pie_b1_1_50_AGTGCGGAGCAATAGG-1	-1.4306408	2.117123
HDa_GCGCTAGGTGCATCGG-1	4.3086967	1.6452689
lgtd17_AATAACCGTTTAAAGC-1	8.538169	2.638936
fast_pie_b1_41_GCAATGAAGACTTATG-1	8.412927	6.5762954
lgtd18_GCTGTGCAGGAAACTG-1	1.7718253	7.5011425
fast_pie_b2_42_GAAGGATGTTTCCACG-1	8.679652	0.5629302
fast_pie_b2_42_ATCACAATCCTAATAG-1	1.5769964	-0.55459505
fast_pie_b2_42_TCAATCGCATAAAGCA-1	8.606396	0.32602248
fast_pie_b3_44_TTGCAGCCACTCAACA-1	9.490829	7.3555365
fast_pie_b3_44_GCGATTAGTCAATAGT-1	6.1111937	2.1325598
tnf_post_pie_b2_1_54_AGCTTTAAGGCCTAAT-1	4.7785125	0.7298411
tnf_post_pie_b2_1_54_TGTGCAAGTTAAGGCC-1	1.3246368	2.2503765
fast_pie_b2_42_GGTCTTGAGTAGCCAT-1	-0.8168238	1.0669739
fast_pie_b2_43_TAACCTAAGCTGGACC-1	9.698661	6.5995054
ibd_pbmc_pre_AACCCGCAGAAAGCAT-1	2.6476247	1.1781858
fast_pie_b1_41_GGCCTAATCAATTACG-1	10.04655	8.58868
fast_pie_b2_43_CCTTATGTCATGCATA-1	6.425412	1.0857893
fast_pie_b2_42_CCTGATGAGGTGCGGA-1	9.105385	1.6556152
fast_pie_b1_40_TGTTGTGCAGCGCTTG-1	1.4582877	-0.7411204
fast_pie_b3_44_ATTCCGGAGCTGAGGG-1	8.144037	8.258639
lgtd18_ACGTACCCACAACAGG-1	0.95328224	8.913477
lgtd17_TTACAGCAGCGCTCAA-1	7.6406803	8.523954
fast_pie_b2_42_TTCAGCACAGCAATAA-1	-1.7056435	2.029649
fast_pie_b1_40_GTGGTTAGTTAGCCAA-1	1.7478547	0.15416953
fast_pie_b3_44_GACCTTTGTGCAATGC-1	0.65362316	-0.80022633
fast_pie_b3_44_GCGATTAGTCCGCTGT-1	5.1631413	2.1982462
fast_pie_b2_42_CCGTTGCGTCAGGCCA-1	1.2581378	2.8212519
fast_pie_b1_41_TGTATCCGTGATGAAA-1	1.7511576	1.9938534
tnf_post_pie_b2_1_54_GGTCATTAGCTGGACC-1	9.029839	8.885867
tnf_post_pie_b1_1_50_GACTCACCAGGCAAGC-1	-2.084527	2.1775331
tnf_post_pie_b2_2_55_AGTCTTGCACTGGCCA-1	1.543854	1.22409
tnf_post_pie_b2_2_55_ACTAACGGTTAGGCTA-1	4.7504463	2.7317166
tnf_post_pie_b2_1_54_AGCTATATCACTTTAC-1	3.232745	5.5936823
ibd_pbmc_post_CTAGGCGGTATTGTGG-1	9.856394	6.5596743
lgtd18_CGCAATAGTAGGTGTC-1	1.4405034	7.9982424
lgtd18_CCTGTATGTGCTGTAA-1	1.3697189	8.867087
tnf_pre_pie_b2_52_TATCCAGCAGTTATGT-1	9.229483	8.906925
ibd_pbmc_post_TTTAGGATCAAGCTAC-1	0.22994715	0.5839562
lgtd17_CCCGCTTCACAGGAAT-1	7.543321	7.7264433
fast_pie_b1_41_CATAGCTAGGGCTTAT-1	8.244206	5.097959
tnf_pre_pie_b2_52_CGTTATCGTTACTTGC-1	8.343725	6.895307
ibd_pbmc_pre_GGAGCAAGTGTTTGTC-1	-4.542629	1.2286726
lgtd17_GCGATATTCCCTTGCG-1	0.2358635	5.0087876
HDa_CTACCGGCACCTAATG-1	-2.3232067	2.2327604
lgtd18_TAGCATATCATAACCA-1	0.8816994	7.731133
fast_pie_b2_42_TCCGCCATCCTAGTAA-1	0.50550497	0.648268
tnf_post_pie_b2_1_54_TCGTTACGTATTCGTC-1	4.6897407	1.910092
lgtd17_TTGACTAAGGTCGAGG-1	1.5741894	5.4533806
fast_pie_b3_44_AATGTCCAGTCACTCC-1	-0.53867936	-1.6093473
tnf_post_pie_b1_1_50_ACTTACTTCCGTCCAT-1	10.283717	8.126054
ibd_pbmc_post_AGGACTAAGTTCCCAC-1	-4.3751025	0.70065254
fast_pie_b1_40_CGTCATTGTAATCCCT-1	-0.3425087	0.11791748
lgtd17_CATGCAAGTCAAGTGC-1	1.4833189	4.938209
tnf_pre_pie_b2_52_TAATTGCCAATAGCAA-1	1.3372768	3.0544696
lgtd18_GTGCATTAGTTTAACG-1	1.1220615	7.6759424
lgtd17_CTTTAGGCATGCAACC-1	0.12020051	5.000461
fast_pie_b2_42_CGTGCTGCACGTGCTG-1	-1.265861	0.069442324
tnf_post_pie_b2_1_54_ATCTTTGGTGAAGCCT-1	9.843833	6.208675
tnf_pre_pie_b2_52_CTAGCTTGTAGTTGGC-1	8.277088	6.352537
ibd_pbmc_pre_CGCAATTAGGTTAGCT-1	2.497837	0.95931786
HDad_ACTGAAACATGGTTAT-1	2.3993623	3.3513103
HDa_ACATTAGTCAATCTCT-1	-2.5657718	1.7639049
fast_pie_b1_41_TGCCTGTTCAGTGAAG-1	1.0263791	0.487488
fast_pie_b3_45_TCTCCTCGTTGGCCGA-1	0.091234855	2.3822052
fast_pie_b2_43_ACGAGTAAGGCAACAA-1	0.78527904	-0.32029918
fast_pie_b1_40_GATCAGTTCAGGAACA-1	0.014065511	0.5635799
tnf_post_pie_b2_2_55_ATATGTCCACGGTACT-1	2.1996508	1.3239175
fast_pie_b2_43_CGTTTCTCAATTGACT-1	2.3471456	0.034073543
fast_pie_b3_45_GAGGACTAGGCTCATG-1	9.167725	8.761914
ibd_pbmc_pre_TATGCATCAGGGAGGA-1	1.3257898	-0.040001437
fast_pie_b3_44_AATGGCGCATAGCTGC-1	9.603718	8.180353
tnf_post_pie_b2_1_54_AGCCGCTAGTTCCCGT-1	-3.784857	0.91346896
fast_pie_b3_44_TTCGCAACACACCAAC-1	-1.7241815	1.631379
fast_pie_b1_41_CCATTATTCTGTTCAT-1	9.044163	7.0743637
lgtd17_CGTAATGGTGATGATT-1	2.0516093	4.2647715
tnf_pre_pie_b2_52_TCGCATTGTGTTCCCA-1	-5.241595	1.6532953
tnf_pre_pie_b2_52_AAAGCGGGTCAAAGGG-1	9.748059	4.1615105
tnf_pre_pie_b2_52_ATCACCCTCGTTAAGC-1	1.8919711	3.9957676
tnf_post_pie_b1_1_50_GAACCGCTCATAACGC-1	-0.23449393	0.4670248
tnf_pre_pie_b2_52_GTTGGAGCAAACTGTT-1	9.076579	7.7492924
lgtd17_GGGAGTAGTTTGTGGA-1	0.63049877	4.9921393
fast_pie_b2_42_TTACCTGTCTGTTGCC-1	0.6063338	2.1163778
lgtd18_TCCATATTCTGGCATG-1	3.5443387	8.22286
HDad_CACATTAAGGCGCATC-1	-2.0056162	4.1399484
ibd_pbmc_post_TTACACCGTCTAGCTT-1	10.6488	6.137563
lgtd18_ACACTAGGTTACATCC-1	1.7057918	7.4397
lgtd18_TCAAGGAAGAAGGTGC-1	2.7166119	8.725688
HDv_AATCCTAAGGCTGGCT-1	-0.46650934	1.9054855
fast_pie_b3_44_ATGTGAGAGTTTGTCT-1	2.864614	-0.30544502
fast_pie_b3_45_CCGCTAGCATCACAGC-1	0.72457355	0.75272334
fast_pie_b3_44_GGGCATGAGGCGCATC-1	9.973636	6.467513
fast_pie_b2_42_ATAGCATGTTACTTGC-1	-0.5009118	1.3790143
lgtd18_CCTGTATGTCTTACTA-1	5.963605	8.595071
lgtd17_TGTAAGTGTCAATACG-1	0.7354844	6.1902213
fast_pie_b1_41_GTTACGTAGTGAGGGT-1	1.1439246	1.0818694
ibd_pbmc_post_AAATCCGGTCCTAACT-1	10.75221	7.434591
tnf_post_pie_b1_2_50_CGCATTACACCAGCAT-1	-2.2539022	0.21829109
lgtd17_ATGTTCAAGCCTGATG-1	0.2339792	4.8741755
tnf_post_pie_b2_1_54_TTGTCCATCGGTCATG-1	10.046594	8.498
fast_pie_b2_42_AAGGTGCAGTCTTGAA-1	8.090304	5.827769
lgtd18_GGCCATCAGGACAACA-1	0.39896783	9.014848
fast_pie_b3_44_AATACCGGTTAGTACG-1	-2.2059681	1.4310038
ibd_pbmc_post_GTAAGCGCACCTAATG-1	9.748591	6.8949895
lgtd17_GAACCTTAGAAGGTGC-1	7.7181115	1.7130191
tnf_post_pie_b2_1_54_ACTGAATGTGCTTAGA-1	-3.5704079	0.48616025
lgtd18_GGTTGCATCTACCTAT-1	0.21424913	8.414492
HDa_AGTGGACAGGAATAAC-1	10.455096	8.76264
lgtd18_AGTGATGAGTCCTTCA-1	4.654172	8.447749
lgtd17_TGATTGCAGGAGGTTA-1	-2.644251	4.682183
tnf_post_pie_b2_2_55_GAACCGCTCTAATCAG-1	6.65975	4.331027
ibd_pbmc_post_TGCCATTGTTCCGGCT-1	0.21995409	1.4605772
ibd_pbmc_pre_GATGCGACAATAGCAA-1	2.2739604	1.2354375
tnf_post_pie_b2_1_54_GAGAACCAGCGAGTAA-1	9.212547	7.834579
tnf_post_pie_b2_1_54_AATTGTGTCCCTCAAC-1	7.454611	3.8793113
fast_pie_b3_45_GTTCCTTCATCCTAGA-1	0.912671	1.0334028
tnf_post_pie_b2_2_55_AATTGTGTCCATCAGG-1	-4.004257	0.95077366
fast_pie_b3_45_TGCTAACAGGCATGAA-1	9.838386	8.065176
ibd_ilc_post_TTTCTTGCAACACTTG-1	7.6667542	3.7017136
fast_pie_b2_42_TTGAGGCGTGCCGCAA-1	4.6567726	7.136971
tnf_post_pie_b2_1_54_ATAGGTACACTAAGCC-1	9.789941	8.159365
lgtd17_CGCATTACAGGCGATA-1	0.34603345	5.5463862
tnf_pre_pie_b2_52_GCCTCCATCGTTTCGC-1	8.692871	8.871484
lgtd18_ACCTAAATCTGTGAGT-1	2.3097565	8.497261
fast_pie_b1_40_TGCGCGAGTAAAGCAA-1	8.468147	1.0293701
tnf_post_pie_b2_2_55_ATGCGATTCATTCATC-1	4.6334553	6.9029284
fast_pie_b3_44_AACCTAATCTAAGGAG-1	-1.0721526	1.2003168
fast_pie_b3_44_TGATCCTGTGTTTGAG-1	1.529973	2.5850842
fast_pie_b1_41_CGGCTCACACCTAATG-1	0.7426502	-0.18904237
lgtd18_AGCGATTTCTGTGAGT-1	1.6586713	8.776002
fast_pie_b1_40_TCTTAGCGTCACTCGC-1	-3.3766925	2.165106
fast_pie_b3_44_GGATGAATCCAACTGG-1	2.3185403	1.8049979
HDa_TAGGTTGGTGGACATC-1	-0.96148294	2.3337066
lgtd17_TTTCGTCCATAGACCC-1	-0.9492356	1.9164261
lgtd18_ATCCTCATCTCACATT-1	2.1461844	7.8819547
tnf_post_pie_b2_2_55_AGTTGCAGTGAGACTC-1	-1.0133226	-0.45762655
ibd_pbmc_pre_TTGCAATCAGCATGTC-1	5.1599393	0.16050772
fast_pie_b2_42_GAAGTGATCCGTTATT-1	-0.3909924	1.535386
fast_pie_b1_40_CTTATTGGTTGCCTCA-1	0.8522921	-1.114146
ibd_pbmc_pre_ATTGCAGGTGTAACCA-1	3.1783586	1.0752747
tnf_post_pie_b1_2_50_CATAGCTAGAGAGCCG-1	-2.7247212	2.1805658
fast_pie_b3_44_CCTGCTCCAATGCCTA-1	5.1938853	3.5722191
fast_pie_b3_44_CTGGATGTCGAGGAAC-1	-0.07626494	0.25208288
fast_pie_b3_44_ATGACCAGTAACCAGC-1	0.6811312	-1.0061481
lgtd18_GAGCGGTCAGTTATCG-1	2.0921655	8.75887
HDj_GAGTGATCACCCACAG-1	-1.3762143	3.9059649
tnf_post_pie_b1_2_50_TAATGGACACAACAAA-1	8.896818	9.003413
tnf_post_pie_b2_1_54_GTTACAGGTACTGATG-1	7.213435	7.8038707
fast_pie_b2_42_CAGGAAGGTTCCATTA-1	3.2570875	3.7819364
tnf_post_pie_b2_1_54_GTTGGAGCAGACAAAC-1	5.6315036	1.8082023
tnf_post_pie_b2_1_54_TTCAACCGTTAGACCA-1	4.3138113	6.416197
fast_pie_b2_43_AATTGCCAGCTGAGGG-1	10.553799	7.598009
fast_pie_b1_40_TATGTGATCATGCCTC-1	-0.25236064	0.6628283
ibd_pbmc_pre_GAGGAGGCATAGACTT-1	10.135917	6.646072
fast_pie_b1_41_CCACATTGTGAGAAAC-1	8.397841	3.73451
lgtd18_GGAGTCTGTAATAACC-1	0.34521434	8.528981
ibd_pbmc_pre_TGTGGCCAGTAACTCA-1	1.9891773	2.1927295
lgtd17_CCTACTGGTTATAGCG-1	7.421095	1.8683096
tnf_post_pie_b2_1_54_TGATGACTCAAACCGT-1	4.6421013	5.615084
HDad_CGTTGCAAGTGAGCGG-1	0.59232944	3.8110335
tnf_post_pie_b2_1_54_GACAATACATCGTTCT-1	-1.316162	-0.56946445
tnf_pre_pie_b2_52_GATGCGACAACACTTG-1	1.3741897	2.2749271
fast_pie_b3_44_ATGCAGGCACGTTACA-1	-0.23319958	1.3904508
tnf_post_pie_b2_1_54_TGTATCCGTTAGGATT-1	9.319979	7.5418077
ibd_pbmc_post_TGCTAACAGTCTTGAA-1	10.237143	5.938106
HDa_TCAGGTTAGCGCATTG-1	8.174538	4.4693837
HDa_TTAGCCTGTAGTCAAT-1	5.9197	7.5872073
fast_pie_b2_43_CATCCTGGTCAATAGT-1	10.721113	7.190832
fast_pie_b1_40_CCAACCCGTGCTAGCG-1	7.412992	7.877134
tnf_pre_pie_b2_52_ACTAACGGTACGATTG-1	6.9183435	4.459695
ibd_pbmc_post_GGCAGGATCTGTGAGT-1	-0.20168729	1.3215009
tnf_post_pie_b2_1_54_TTAGGCTAGACACCGC-1	0.38037592	0.14653686
lgtd17_ATTATCCTCGAGGTGG-1	1.3775756	4.786196
tnf_post_pie_b2_1_54_CCGTTACTCATAGCCG-1	0.1692579	0.7384534
fast_pie_b3_44_GTTCCTGGTCAAACTG-1	-0.6438899	-0.06327261
lgtd18_GCTTTATTCGCTATGG-1	1.5334319	7.448452
fast_pie_b1_41_GCTGGATGTCCTTTAA-1	8.746371	6.5734468
HDa_TCAAGACTCGCTCACT-1	11.320351	6.732442
fast_pie_b2_42_GGATTTATCTGTGCCT-1	-4.3850126	0.84493434
fast_pie_b1_40_AGCAATACAGGATAAC-1	0.15852483	-0.023127606
ibd_pbmc_pre_TTCTTAGGTGTTGTAG-1	2.8198912	1.9856341
fast_pie_b2_42_AAGCCACGTCGACTCC-1	-0.15235014	0.6602703
tnf_post_pie_b1_1_50_TTTGCGACATCCCTCA-1	5.2724676	8.003652
tnf_post_pie_b1_1_50_GTTCATTTCGAGCTAT-1	9.045183	7.403481
lgtd17_GGGTGAAGTTTCCACG-1	1.7154742	4.7289057
tnf_post_pie_b2_1_54_ACACTTGCACTAAGCC-1	-1.6962181	0.2982564
lgtd18_CTAGTAGGTTTCGCCA-1	1.5411837	9.31488
HDv_TGGTTCTGTCCTCCAA-1	11.007412	8.404416
tnf_post_pie_b2_1_54_TTGTGAGGTCGCAAAC-1	1.0626992	1.4563066
HDa_ACCAGCTCACATACTG-1	11.3089285	8.725847
fast_pie_b2_42_TAGCCTCTCCGGGACT-1	7.015296	3.851379
ibd_pbmc_pre_CGGCTCACATGAATCT-1	0.7465362	0.70306736
tnf_post_pie_b2_1_54_GCTCGATCACAGGAAT-1	4.8828177	5.910689
fast_pie_b2_43_GCCTCGACAGGTCCTG-1	-1.5888973	0.8615747
fast_pie_b2_43_TAATTGCCAGAGGGAG-1	1.5391773	-0.412751
fast_pie_b3_44_ATAACGACACCCACAG-1	-1.8619827	-0.15574941
tnf_post_pie_b1_1_50_AATGTCCAGCACTAGT-1	9.408349	8.082703
tnf_pre_pie_b2_52_TTTGTTGGTGTTGTAG-1	2.9161406	1.5291609
fast_pie_b2_43_AGTAAACAGTTGTCCC-1	-3.5640476	1.3725835
ibd_pbmc_post_CTCATGACAGTAATAG-1	10.76053	6.9772544
fast_pie_b3_44_TACCGAAGTCCAAATG-1	-1.9684235	0.15029742
lgtd17_GGTATGTTCCGTTATT-1	-0.8557696	4.740368
fast_pie_b2_43_AGAACCAAGGAACCAA-1	-0.8032419	0.69618094
tnf_post_pie_b2_2_55_GCTGACATCACGAATC-1	4.9098697	6.2281637
fast_pie_b2_42_CTGCTCCCATGTTGGC-1	9.113838	7.415949
tnf_post_pie_b2_2_55_CGGAGTCTCCCTCATA-1	10.413124	6.268053
fast_pie_b1_40_AGGTCTTAGACAAAGT-1	9.044411	7.387503
tnf_pre_pie_b2_52_CCTGTATGTTCAAGAT-1	9.397986	7.6487503
lgtd18_TGAAGCAAGTCACCTC-1	1.4103248	8.160581
fast_pie_b3_45_GCTTTATTCCTACCTA-1	9.606994	6.112393
fast_pie_b3_45_GTAGGAGGTACCGAAC-1	-0.41683468	0.98405397
ibd_pbmc_pre_TACCGAAGTCGAAGTC-1	2.346323	1.8388256
ibd_pbmc_pre_GTCGCAATCAAGGACA-1	-1.3646444	2.2983205
lgtd18_TCCGGAATCATTATGG-1	2.4485323	8.948065
ibd_pbmc_pre_TTGATGTCAGGCATCT-1	1.7054671	-0.38172662
fast_pie_b3_44_TCCATCATCCCATAAA-1	-2.11853	0.06842542
tnf_post_pie_b2_1_54_AGCTAACTCTACCTGC-1	7.3201923	3.6668725
tnf_post_pie_b2_1_54_GGAGTCTGTAACCTAG-1	7.114198	7.8256583
fast_pie_b2_43_AGGCGGATCTCACACC-1	10.36978	6.9829507
tnf_post_pie_b1_1_50_GCTCGATCATGTTGTG-1	7.8210096	6.5121827
tnf_pre_pie_b2_52_GGTGTTGTCATGCTTT-1	8.967171	6.0973954
ibd_pbmc_post_TTCAGCACATATTGAC-1	10.586736	7.451567
lgtd18_TAGTAAGCAGCAAATA-1	5.0350413	8.861127
tnf_post_pie_b2_1_54_ACGTTACAGCCGCAAC-1	7.6068597	3.792256
lgtd17_GCTGCAATCTGTTCAT-1	2.00804	4.5319476
ibd_pbmc_post_TACTCGCTCCTTCAAT-1	-3.7489192	1.0933772
fast_pie_b1_40_AGGTGAATCGTTACTT-1	-0.20213357	-0.26236236
fast_pie_b1_40_GCTTGTTGTGTAACCA-1	1.2121061	1.4323763
fast_pie_b1_40_TGATTCAAGAACAAGT-1	0.30632365	1.2669181
lgtd17_ATGTCATCAATCCTAG-1	7.298117	8.642692
fast_pie_b3_44_CCTTAGTGTAATTAGC-1	1.2416731	-1.5263727
lgtd18_AGTTTGCAGTAATCCA-1	2.1217506	8.858715
lgtd17_GATTCATCACTAAATC-1	0.75454485	4.2136364
fast_pie_b2_42_TTAAGCCAGCACAGCC-1	1.5694807	-0.4304345
tnf_post_pie_b2_2_55_TGCGATTAGGTCCAAT-1	-1.5349305	-0.47446826
HDv_TGAGTGAAGGTTAGAG-1	0.07861817	2.669288
lgtd17_CGTTAACAGTGACCTG-1	-0.69732434	1.13049
ibd_pbmc_pre_TCGACAAGTCCGCTGT-1	9.526195	8.011617
tnf_post_pie_b2_1_54_GCGAGTGAGGACTAAG-1	6.5426	7.8535366
HDad_CTCTGTTCATGGCCCA-1	-1.9704387	3.8927002
fast_pie_b3_44_ACTAGGCGTTTATCTG-1	2.248839	-0.94555974
tnf_post_pie_b2_1_54_GTGTGAGCATGCTATG-1	1.0904427	-1.7594858
tnf_post_pie_b2_1_54_TACTTGTTCGATAACC-1	3.9390616	6.398444
tnf_post_pie_b2_1_54_TGGCCTGCAACAGGTG-1	3.9621577	1.7623597
tnf_post_pie_b2_2_55_GGGAGTAGTGCTTTAC-1	3.7044291	2.4807203
lgtd17_GAATTTGTCCTTAAGA-1	0.09503574	5.1025467
tnf_post_pie_b2_1_54_GTTTATCTCAATAGCC-1	5.263908	4.3498635
fast_pie_b3_44_TGAGCCGGTTCGCTTG-1	5.895342	4.8527236
tnf_post_pie_b1_2_50_AAGCGCTGTTTACTTG-1	9.535146	8.551465
fast_pie_b1_41_AAGTGTTGTCAAACTG-1	-4.9388905	1.2760056
fast_pie_b1_40_GGTCATTAGTGAACGA-1	8.634412	6.4124556
lgtd17_ATGTTGTCATCCATCT-1	2.1091611	4.511734
HDad_CAGGTTTAGGGCTTTG-1	2.4343276	3.7052875
fast_pie_b1_40_GTATTCAAGTTTGGTA-1	1.2073548	-1.025966
fast_pie_b2_42_ACGGTTAGTTGTCCAT-1	2.423469	0.013558888
tnf_pre_pie_b2_52_CGAATATGTTACTAGG-1	-0.66004264	-1.6760781
tnf_pre_pie_b2_52_GGTGAGCCAGACAAAC-1	-1.8776695	4.2348056
tnf_post_pie_b2_1_54_TTGACATCAGGTCCTG-1	-5.5249248	0.8972353
lgtd17_CAAGGCTGTCACCAAA-1	1.0545598	6.014078
fast_pie_b1_40_CGCAATCCATGTCGCG-1	1.3236021	-0.35227802
ibd_pbmc_post_CTGGATGTCGTTAGCG-1	7.6142254	8.72222
fast_pie_b1_40_GCGCTAGGTGACATGC-1	5.882516	0.8772338
fast_pie_b1_41_CGCACCACATGCATAT-1	7.850326	8.439677
lgtd18_GTATTGATCTTGAGCG-1	1.544802	8.608176
fast_pie_b2_42_CTTACTAGTTCACTGT-1	0.7307429	-1.200953
tnf_post_pie_b1_2_50_TGCTTTAGTTAATCGG-1	8.146268	6.477833
fast_pie_b2_42_TACAATGTCTCCATAT-1	-1.1583012	2.0344067
tnf_post_pie_b1_2_50_TATCACAAGGCCAATT-1	8.834771	8.193349
HDad_TAGTGAGAGAAGCTAG-1	7.9207115	0.8884031
tnf_post_pie_b2_1_54_TAGGAGGGTGCGCAAT-1	4.683895	3.2230225
lgtd17_ACAAAGGTCAATGTCA-1	0.16285042	4.629094
lgtd18_GATCAAGAGGCGCTAC-1	1.2291788	7.8062224
lgtd18_TGATTAGTCTAATTGG-1	1.4447641	7.419824
tnf_post_pie_b2_2_55_AGTCTTGCAGAAATGC-1	4.4190073	1.8780092
ibd_pbmc_pre_TTTAGGATCCCATAAA-1	5.5428677	2.1619532
fast_pie_b2_42_TTGTGAGGTTAGCTGA-1	1.2988762	2.028405
fast_pie_b1_41_CCCTCATAGTGAGAGC-1	1.2792271	-0.36060202
tnf_post_pie_b1_1_50_GGCTAGACAATGAGGT-1	6.260733	8.576674
fast_pie_b2_42_GCCACACAGCCGCTTT-1	8.769261	5.9197288
fast_pie_b1_40_GGTTAATGTGTCCAGG-1	8.645401	8.130429
fast_pie_b1_41_AGGAAACGTAAACAAG-1	1.3934528	2.0605612
fast_pie_b2_42_TGTAAGTGTGTGTCCC-1	1.0394645	3.0699213
fast_pie_b1_41_GGTTGCGGTTACATCC-1	9.226209	6.065683
lgtd17_CTAGATTCACGAATCC-1	-0.9280808	4.892514
fast_pie_b2_43_ATCATCAAGCCTCTGT-1	6.169316	1.8826437
tnf_post_pie_b2_2_55_CTAATCTTCATAACGC-1	7.704664	7.824802
fast_pie_b2_42_GCATTAGGTTATCCGT-1	8.774367	6.8622766
fast_pie_b2_42_GACTAATGTCATCCTG-1	0.8718312	-0.25863868
tnf_post_pie_b1_2_50_CGCTTCTAGGAATAAC-1	2.1292844	1.8918238
lgtd17_GCGCAAACAGCATGAG-1	1.912587	4.53038
fast_pie_b1_40_CGATTTGCATTGTCCT-1	-3.7572691	2.383312
tnf_pre_pie_b2_52_TCATACTTCGAAGTGA-1	8.29482	6.2263713
tnf_post_pie_b2_1_54_GCAGGACCAATCATGT-1	1.7894719	-0.7341661
ibd_pbmc_pre_ACCAGCTCAGTTAAAG-1	-5.321507	0.41603926
fast_pie_b2_42_CGGAGCAAGGAACACA-1	7.460378	5.002333
fast_pie_b3_45_GCTCTGGCATACCCGG-1	8.366207	-0.017418625
tnf_pre_pie_b2_52_TGCTTGCTCCCAGTAG-1	6.049801	0.58009875
HDa_TCAAGGTTCCGCACAA-1	-0.54686135	2.702328
fast_pie_b1_40_TCCACAACATTAGCGC-1	-0.6728157	-0.7323357
lgtd17_GAGTAATAGTCAATTG-1	-0.40035808	5.010446
lgtd17_TCCGGTAAGGGTCCAC-1	1.1523091	6.3569326
HDa_TCACCTGGTTTGAGCA-1	0.034260657	2.757679
tnf_post_pie_b2_1_54_AATTAGGCAGCCTTGG-1	8.231059	7.2334723
fast_pie_b2_43_AGTCAAGAGGACCTCA-1	0.01793351	-1.2485814
lgtd18_ATGACTCAGGCCGGAA-1	2.1190562	8.632348
fast_pie_b1_40_GGGCTAACATAATTGC-1	-2.5063725	0.5022692
lgtd17_CTTGCGCGTGTGTCCC-1	1.2470489	5.3713193
tnf_post_pie_b2_1_54_TATGACATCGCTTGCT-1	4.7598996	0.91091204
tnf_post_pie_b2_1_54_CTATTCAGTTACAAAC-1	-3.8993409	0.8274143
fast_pie_b2_42_CGTGCTTTCTCCTCTT-1	8.949461	6.935406
fast_pie_b2_42_GCTTAAATCGCTCCAT-1	5.68016	2.184336
fast_pie_b1_40_GCCAATAGTAAGCTCA-1	10.235411	7.289949
fast_pie_b3_44_CACAAGCGTTAGTACG-1	6.746321	4.5101867
fast_pie_b2_42_TTCCACGGTTAACGGC-1	8.244325	7.5674458
lgtd17_GCTTTGTGTTAACACG-1	5.920025	6.0010815
fast_pie_b1_40_CTCATCATCGGGCCAT-1	4.5255904	1.1385598
tnf_post_pie_b2_1_54_TGGTCAAGTTACCTGT-1	-2.7955773	2.2057467
fast_pie_b3_44_CAAGTAACAAAGCGGC-1	1.1481339	2.107395
fast_pie_b2_42_GTTCGCTTCTTGCATT-1	9.054173	5.268007
HDad_GCTCATTGTTAAGGTT-1	-1.0971587	3.9740913
fast_pie_b1_41_CCCGCTTCAGGCTACT-1	1.231132	-0.7513035
ibd_pbmc_post_TACCTGCTCAGCCAAT-1	9.783751	5.5564594
fast_pie_b1_40_ACGAATCTCTATCGCC-1	9.851851	5.735826
fast_pie_b2_42_TAGTGAGAGGTCCTAG-1	0.08735718	3.1315973
fast_pie_b1_41_CATTATGAGTATTGTG-1	10.552591	8.468181
tnf_post_pie_b2_1_54_AGGCAGGTCAATTACG-1	-2.991799	0.28613424
tnf_pre_pie_b2_52_TGGCTTTGTTGTTCAC-1	9.603306	5.7298646
lgtd18_GACCTGCAGCTTTGTT-1	2.021265	9.063421
lgtd17_CGCAAATTCCCTGGAA-1	-2.6865156	4.1381903
lgtd17_AATGCAACAGCCAGTT-1	-0.38799396	5.111448
fast_pie_b1_40_GCATGAAAGCCATCAG-1	8.022504	0.25309047
fast_pie_b1_41_CGATTCCTCTAACCAA-1	-4.0890045	2.360903
ibd_pbmc_post_AGATGCTTCATGTTTC-1	8.332774	0.6184325
tnf_post_pie_b1_1_50_AATTAGCGTTAATGAC-1	6.404105	1.8429341
lgtd18_GAGGTTAAGATAGACG-1	1.843587	9.013149
fast_pie_b3_45_CAAAGGATCCTACCTA-1	0.14241552	-0.20908241
HDa_GCCTCCATCATCACTT-1	11.25213	8.914672
tnf_post_pie_b1_1_50_TGTCAGTAGCATGTTA-1	1.1379503	0.8235536
HDa_CTCCAACTCCTCGATC-1	11.355873	8.727884
fast_pie_b1_40_AGCAACAAGGACACTT-1	5.234993	2.1870377
fast_pie_b3_44_GCCTTTGGTAATCGCA-1	4.1546235	6.540039
tnf_post_pie_b2_1_54_GCTAACAGTCCAAGAC-1	9.330653	2.3788157
ibd_pbmc_post_GTTCGCTTCGCAGGCT-1	1.865477	3.6929448
ibd_pbmc_post_GAAACTGAGCAACAAG-1	-0.09162329	-1.7359705
ibd_pbmc_post_TAAGCTATCCCTCGCA-1	-1.8272066	-0.08857953
tnf_post_pie_b2_2_55_AACCTTAAGCAAGACA-1	4.539988	7.069536
lgtd18_ACGGTTAGTTTAGCGA-1	3.248649	8.487637
tnf_pre_pie_b2_52_TAACCTAAGTCTTGAA-1	8.591771	4.52931
tnf_post_pie_b2_1_54_CCATAATCATCAGCAC-1	10.306228	8.532795
ibd_pbmc_post_GTACTTCGTGAGAAAC-1	0.370839	-1.1590278
HDu_AGCAATACAGTTTCTC-1	2.4983199	6.963208
lgtd17_GCACTTACAAACTAAG-1	7.406135	7.99018
fast_pie_b3_45_CGTCATTGTGTTTGAG-1	9.858937	4.771969
fast_pie_b2_43_ACAGGAATCCTTAGGG-1	-1.2196409	-0.56954265
fast_pie_b3_45_ATCATCAAGTCAGGCC-1	9.643681	5.5427084
fast_pie_b1_40_CTTAGTTTCATTACTC-1	-2.3796375	0.064243235
fast_pie_b3_45_ATTTAGCCAATTTGGT-1	1.6247311	0.3380939
fast_pie_b3_44_TTCCTCAAGTGAGAGC-1	-1.0499319	1.1544223
HDj_CTATAACCATTGCGGT-1	-1.7850636	3.454404
ibd_pbmc_pre_TGCTGGATCCGCAACA-1	9.109165	8.558144
fast_pie_b2_43_GATTAGTGTCATAAGT-1	-1.5393766	-0.007556484
tnf_post_pie_b1_2_50_GTGTCCAAGGCTGGCT-1	3.624316	5.5717187
fast_pie_b1_40_GCAAACAAGTGATTCA-1	4.9117537	1.2877673
tnf_post_pie_b2_1_54_TTAGCAATCTGTTGCC-1	10.306725	7.904776
ibd_pbmc_post_GAGAAACGTTTGAGGC-1	1.0044436	-0.34131515
fast_pie_b2_43_CATGGCGGTTAACACG-1	0.24841733	-0.72196543
fast_pie_b2_42_GGCCTAATCGTTTCCA-1	-0.064114206	-1.3930304
lgtd17_GTTACTAAGGTCCTGA-1	3.4250178	6.5454354
fast_pie_b3_44_GTAAGCAAGGGACTAA-1	9.616721	1.9126377
fast_pie_b1_41_TGTGCGGGTGCTCCAC-1	6.4710393	2.2376027
ibd_pbmc_post_CCTTCAGGTGCCGCAA-1	9.640042	4.0536423
fast_pie_b3_44_GTAGGAGGTTGTCATC-1	4.0278516	1.570744
fast_pie_b1_40_TCTTCAAGTTCCATTA-1	-4.201644	1.0436449
tnf_post_pie_b2_2_55_TTCCCGCCAACAACAA-1	-3.6208718	0.64017826
fast_pie_b1_40_TGGACTAGTTGTAACG-1	1.8340132	-1.4064889
HDv_CGCAATTAGCACAGAA-1	-1.0161817	0.4521074
fast_pie_b1_40_AGTCTTGCATAAACCT-1	9.925197	8.316005
ibd_pbmc_pre_GGCTAGTGTTAAGGCC-1	2.8092854	1.1209035
fast_pie_b2_42_ACCCAGGGTCGCAAAC-1	8.016604	6.0914607
lgtd17_TGGTTCCTCTCTAGCC-1	1.094295	4.3118534
fast_pie_b2_43_TACAAGCTCGGCCATA-1	-5.1381483	0.54659265
HDa_ACGCCTTTCATGACCG-1	-5.6908484	1.2106031
ibd_pbmc_pre_GTACTTCGTGGAAACG-1	1.8850602	0.09729546
tnf_pre_pie_b2_52_CAGGACCTCAATGAGG-1	4.9678693	0.9437347
fast_pie_b1_40_CAATAAGCAGGAATCG-1	1.8680915	-0.046195943
HDu_TGTGGCCAGGAAGCTA-1	1.911825	6.9168763
fast_pie_b2_42_ATTGACTCAGGATGGC-1	0.6078674	1.6723794
lgtd17_GGGAGTAGTGGATTAT-1	6.9896355	8.142596
fast_pie_b3_44_GATCAGTTCAAGTGTC-1	0.39597875	-0.86647713
tnf_pre_pie_b2_52_AGGCAGGTCGAAGTGA-1	2.4763153	2.7391577
fast_pie_b2_42_TTTATGGAGACAAGTG-1	0.15478899	6.303699
lgtd17_AATTGGACAAACATAG-1	0.1294689	4.7795753
HDa_TCAAGACTCTTTGAGA-1	10.821142	8.99919
fast_pie_b1_40_GAGTGTTTCGACAAAG-1	7.465761	7.7136273
HDad_CCTGACTTCGGGACCT-1	-2.3548908	4.331378
fast_pie_b2_42_TTTGACTTCTCACTCA-1	6.6440716	1.9400173
fast_pie_b2_42_TCGCGAGGTTGCAGTA-1	8.359923	4.8304787
fast_pie_b2_42_ATACCGGTCGTTTCGC-1	6.431292	4.953067
tnf_post_pie_b2_1_54_CTCATTGTCCATTACT-1	11.262656	6.677076
tnf_post_pie_b1_1_50_ATCACCCTCGCTATAA-1	-0.20447981	2.8103793
tnf_post_pie_b2_1_54_GATTCCTGTTACGCAA-1	10.260745	7.392991
HDu_ATGTAACGTAAGCTTG-1	7.3843126	2.172901
fast_pie_b1_40_GGTCCGTAGCTAATTG-1	8.268859	3.3969512
HDad_CCATCACTCCTTGCGT-1	-2.848756	4.47544
fast_pie_b3_44_CATTATGAGTTATCTC-1	-1.4363227	-0.74159986
tnf_post_pie_b1_1_50_AAGCGTTTCCAGGAAA-1	-1.3914876	3.3979445
fast_pie_b3_44_AAGTGAAGTGTGAGGA-1	1.686296	3.7776258
ibd_pbmc_pre_TACGGATTCGGTCAAT-1	5.161273	2.311849
tnf_post_pie_b1_2_50_GTGCTTACATGTTTGG-1	9.750753	7.5065536
ibd_pbmc_post_TGCACACCAAATTGCT-1	9.670087	6.024401
fast_pie_b3_44_TCAGTAATCCTTCGTA-1	8.249869	-0.061451476
ibd_pbmc_pre_GAGGCCTTCATTAGTG-1	5.323822	2.3514786
fast_pie_b3_45_TTGCTCTCAGGAAGCC-1	-0.16608074	2.944255
tnf_post_pie_b2_2_55_CATAACGGTACTGATG-1	10.289535	4.0370975
tnf_post_pie_b1_1_50_TCTCGCCCAGGCGATA-1	1.1960437	1.9058328
ibd_pbmc_post_GTTCGCTTCCAAATCA-1	9.951886	5.853905
fast_pie_b2_43_GTTAGACTCCACCCTG-1	-0.73954856	-1.6293714
tnf_post_pie_b2_2_55_TGTGATCAGGTGAGAC-1	8.252788	4.612813
ibd_pbmc_pre_CAATAAGCAAAGGCCA-1	3.2464268	0.9302304
ibd_pbmc_pre_AATGGCGCAAATTGCT-1	3.69	1.5354494
tnf_pre_pie_b2_52_AGTTGGCGTTAGCAGC-1	1.7937902	2.6173296
fast_pie_b1_41_TCTACCTCAACTAGCC-1	-3.7756135	1.3245158
tnf_post_pie_b2_1_54_GCTCATTGTGTTGCAA-1	6.020739	0.36872834
fast_pie_b2_43_CACAGGCTCTCACATT-1	9.487469	6.597671
tnf_post_pie_b2_1_54_TAAGTGCTCTAAGGAG-1	10.357922	7.7076654
tnf_pre_pie_b2_52_GATTGCGTCGCTATAA-1	4.051501	2.7861195
fast_pie_b3_44_TAGTACGGTGCAATGC-1	8.183158	3.9163961
lgtd17_GTTTGTAAGGTTTGCG-1	-0.66594696	4.636948
HDa_CGTTAGTAGCCGCTTT-1	-3.343799	2.052214
HDad_ACCAAACTCGTCATTT-1	-1.4751235	2.2603009
fast_pie_b1_40_GGGCAATAGGTTACAC-1	8.292266	-0.4111389
tnf_pre_pie_b2_52_CGATGTCCACAACCTA-1	-1.2319548	-1.6561372
HDu_ACTCAGTAGTGAGCGG-1	1.9492791	7.19722
tnf_post_pie_b2_2_55_AGGATCCGTAGGTTGC-1	4.0506196	6.470223
fast_pie_b2_42_CCGTTACTCATAAGCC-1	-3.8405643	0.56309664
fast_pie_b3_44_CTCCTCACACCAAAGG-1	6.7438707	7.703936
fast_pie_b3_44_GTGTTCCTCAGGCTAT-1	-0.45690343	1.7782197
ibd_pbmc_post_CACATACAGGAGTCGG-1	9.859169	1.4405478
fast_pie_b3_44_CGGGACAAGTATTGTG-1	4.1302576	2.1984968
lgtd17_AGTAACACATTAGGTT-1	3.947356	2.698264
lgtd18_AGAAAGGCATAACGGG-1	0.7173501	8.845945
HDa_TCTAATCTCCTCCCTC-1	11.613661	7.793068
fast_pie_b2_42_GTTAAACGTGTTGCAA-1	8.625411	5.801129
fast_pie_b2_42_GGCTCAATCTCACATT-1	-0.769195	1.3582923
HDa_AATGCAACATCGCTTT-1	11.381819	8.668574
fast_pie_b3_44_GGCTGGTTCACGCCAA-1	-5.679125	0.90620756
tnf_post_pie_b1_2_50_TGCCATTGTTTACTTG-1	6.8221583	2.9873703
HDad_CATCAATCAGCATGTC-1	1.7621773	3.0628395
fast_pie_b2_43_ACCAAGTTCCGCAAAT-1	8.846491	7.170421
tnf_post_pie_b1_1_50_AATGCAACACATACTG-1	-5.0648975	1.4183879
lgtd18_GAACCAAAGCGAGTAA-1	2.936571	7.93455
tnf_post_pie_b1_2_50_ATGCCTGAGTATTGTG-1	2.3473723	2.188396
fast_pie_b2_42_CCTCCTGAGTGATTCA-1	1.8117523	-1.866297
tnf_pre_pie_b2_52_GTATCGCCAACAGCCT-1	7.2547045	4.089411
fast_pie_b2_42_TGATGAACAGCAATAA-1	6.022997	0.9705435
fast_pie_b1_41_TACTGCACATGTCAAT-1	-1.1293235	1.0178548
fast_pie_b1_41_GATGCAGCAGGTATTT-1	8.731455	6.565742
tnf_pre_pie_b2_52_ACCAGGACACGTAAGG-1	8.424486	8.234237
fast_pie_b2_43_AGGATGTCATGTTGCA-1	1.1664896	0.55903745
lgtd17_TGACCAAGTCAAAGGG-1	1.788426	5.1054153
fast_pie_b3_44_AACGCTAGTGCTAGAC-1	-5.083082	1.1934264
fast_pie_b3_44_AATTCGTCACAGGATG-1	9.88843	7.776189
tnf_pre_pie_b2_52_CGAGCGAAGGAAGCAC-1	5.2866025	1.3980836
fast_pie_b1_41_GCTGTAAGTATTGTCC-1	9.990946	6.9624314
ibd_pbmc_post_ATCGCCCGTACGGTAC-1	11.094087	7.3639097
ibd_pbmc_post_TTGGCTGAGAACAAGT-1	9.392549	7.9385276
tnf_post_pie_b2_1_54_GTATTGCAGACTAAGG-1	2.2965567	-0.7618449
lgtd18_CTCCAACTCGAAGTGA-1	2.2184198	8.822905
fast_pie_b3_44_GCAGGCTTCTGTAAGC-1	0.95967966	3.3782907
HDad_AGGATATAGCTACTGG-1	-0.33808053	3.4508202
ibd_pbmc_post_ACAGGTAAGGTCAAAG-1	7.4930367	3.4650872
HDv_AGAATCGAGTGCACGC-1	-1.0040045	1.2361166
fast_pie_b2_43_GGGATAATCGCTAGTG-1	6.2861485	2.2707574
tnf_post_pie_b2_2_55_AATGCAACACATTAAC-1	4.4377418	7.4082613
fast_pie_b3_45_ACCAAGCGTTATTGCC-1	-1.8339946	-0.18313475
lgtd17_CGCGGATTCGTTTCGC-1	6.7959766	8.128925
lgtd18_GTGCATTAGGACGTAA-1	1.2706531	8.672802
lgtd17_AACTAGCTCATTACTC-1	8.959211	2.0366638
tnf_post_pie_b1_2_50_TGACTCCTCCGCAAGC-1	-2.263629	3.375269
HDv_CGATATTCACTATGGC-1	-3.0003598	3.1518667
tnf_post_pie_b2_1_54_TTAGGCTAGTCGCTAG-1	-5.545429	1.1722893
tnf_post_pie_b1_2_50_TGAGGTGCAGGCGATA-1	1.9393055	3.39751
tnf_pre_pie_b2_52_CGAGGAAGTTCACCCA-1	2.3881521	2.2938454
fast_pie_b2_42_AAGCCTTAGGAGGGTT-1	8.953581	6.7593703
lgtd17_CGACCTGCATAATGAG-1	2.089023	4.959506
tnf_post_pie_b2_2_55_TCCGGTAAGTTTCCGC-1	8.898674	7.444625
lgtd18_TAATCCGCAGAAACGT-1	1.4679167	8.024407
ibd_pbmc_post_CAAGGGAGTGTGCAAC-1	1.7207072	-1.3254246
tnf_pre_pie_b2_52_CCACATTGTTAGGTGC-1	-4.8465514	1.3916614
lgtd17_AACGGTAAGCAAGATG-1	2.2705624	4.637931
lgtd18_GCTTAGTAGGACAACA-1	1.4467905	7.563886
tnf_pre_pbmc_b1_49_GGCTGAGAGTTAGTTG-1	1.4070872	7.0787363
fast_pie_b2_43_GATGGACAGTTAGACC-1	1.620024	-1.3988249
fast_pie_b1_40_CTAATGTCAGGATTAA-1	0.16598696	-0.3714148
ibd_pbmc_pre_ACTGAAACATCCTAGA-1	0.653995	1.6337438
ibd_pbmc_pre_TTGCGAGTCAGCACCA-1	2.4897645	0.24999365
tnf_post_pie_b2_2_55_TGTTATGAGTAGGATG-1	6.7896366	8.119707
fast_pie_b2_42_AGTATAGCACAGACTC-1	8.234025	3.8355124
fast_pie_b2_43_GATGACTTCCCTCAAC-1	8.634252	7.32137
tnf_post_pie_b2_2_55_TCAAACCAGTGATTCA-1	6.2437215	2.4122128
ibd_pbmc_pre_GGCATGGAGGGCTAAA-1	4.0835004	2.1198792
tnf_post_pie_b2_1_54_GTCTAGCCAACAGCCT-1	0.7034285	-1.8568144
lgtd17_CGAACCGGTGATGAGG-1	-2.7565205	3.8743033
ibd_pbmc_pre_GAACACAAGGGACTAA-1	2.926882	0.84774685
lgtd17_GTTCCCAGTGAACAAA-1	7.329099	8.068421
HDad_GTTAAGTGTGGAAGGC-1	0.6152032	4.194803
fast_pie_b2_42_CGCTGTGCAGTAGGTG-1	-0.061698392	3.148684
fast_pie_b3_44_GGGATAATCCCTGACT-1	6.21252	0.89681137
fast_pie_b2_42_TCAGCCTTCCCTGATC-1	-1.2478715	1.8182589
fast_pie_b1_41_AGGTTTGGTTCCGGCT-1	1.5235374	0.2588625
fast_pie_b2_43_GAAGGCCCACATTGCA-1	5.84153	2.2620034
tnf_post_pie_b2_1_54_CGGTAACGTAGGTTAT-1	-0.48936573	-1.7671565
fast_pie_b2_42_CTTTAGGCATTAGCCA-1	1.8325614	-0.22614057
fast_pie_b1_40_GGTAAGGGTGGATGTC-1	9.81659	6.6573095
fast_pie_b3_44_GTTGCCCGTGTCACGG-1	-1.5514113	0.33833873
tnf_pre_pie_b2_52_CTACTTAGTGCAACTA-1	8.448415	6.4193363
tnf_post_pie_b1_1_50_TAGCGGCTCGCCTGTT-1	9.318602	9.035209
lgtd17_AATGTCCAGTTTAACG-1	0.1461186	4.830387
lgtd17_CAAACGCGTGTGCAAC-1	2.1189632	4.6154737
HDa_GCCATTACATTGTGGC-1	-3.00319	3.3139098
lgtd18_GTCTTTAGTAACCACA-1	1.6499975	7.861381
HDu_GGTTGACGTGCTCACC-1	2.9849586	7.4814854
tnf_post_pie_b2_1_54_GTGTAACTCCTGTTCA-1	8.273558	7.290924
fast_pie_b2_42_AAACAGCCAGCTTAAT-1	5.3209395	1.9500453
lgtd17_TAATGGTGTTAGTACG-1	2.6112711	3.3192055
HDa_CTTGCAACATAGCAGG-1	-2.1529245	2.133022
fast_pie_b3_44_CCTTCAGGTTCATCTA-1	-0.5688294	-0.18267389
ibd_pbmc_post_GTTAACGGTGTTAGCA-1	9.439595	8.943739
fast_pie_b2_42_GTCTTGCTCCGCCTAT-1	1.3174313	-0.15795298
lgtd17_TCACATAAGTGTTGCG-1	6.5724206	8.189436
lgtd18_AATTGGACACGTGCTG-1	4.563186	8.599939
lgtd17_GGTACAAAGGAACGCG-1	5.9513407	8.673849
tnf_post_pie_b2_1_54_TTGCAGCCAGTCTATG-1	10.842415	6.2922707
tnf_post_pie_b2_1_54_GCTAATATCATGGTGT-1	5.191039	5.2443895
fast_pie_b3_44_ATGACCAGTGAATCGC-1	0.15610406	-1.4402155
fast_pie_b2_43_CAGAACCGTCATCATC-1	1.9892347	2.2759693
HDad_CATGGATTCTTAAGTG-1	10.2282915	3.758439
lgtd17_AGCAACAAGAAACTGG-1	0.8993926	4.873806
lgtd17_CTAGCTGAGTAGCGGG-1	1.3794718	6.5672555
HDad_AAGCAAGTCTTAGGAC-1	0.9511295	3.6677337
lgtd17_ACCACACCACCAGGTT-1	0.58859366	5.284198
tnf_pre_pie_b2_52_TGTTGGCCAGCCAGTT-1	9.968545	6.117685
lgtd17_AAGCCTCCAAACTGTT-1	0.8917986	4.8634696
tnf_post_pie_b1_2_50_GAGGCTTGTAACTACG-1	0.6799309	3.117274
lgtd18_CCTTCAGGTGCAATAT-1	4.690632	8.687364
tnf_post_pie_b2_1_54_GATTGATGTAGCCTCC-1	0.20514458	0.7298283
fast_pie_b2_42_CGTATTGCAAACTGTT-1	6.7708163	2.086818
fast_pie_b2_43_TCCATGCTCCTAGTCC-1	3.231103	-0.95838326
ibd_pbmc_pre_CTGTATTTCCAGGTTG-1	1.8870581	-0.81293917
tnf_pre_pie_b2_52_AAACGCGCAGTAGGAT-1	8.555188	8.448905
tnf_post_pie_b2_2_55_AACCTCACACCATATG-1	-3.384999	0.62266487
tnf_pre_pie_b2_52_GTGCTGGGTAGCAGCT-1	8.098686	6.8781605
tnf_post_pie_b2_1_54_GGGTTACGTAATCACG-1	6.67048	7.523328
ibd_pbmc_pre_AGCTTAATCCTCACTA-1	8.096981	0.2397751
fast_pie_b2_43_CTCCAACTCGCTTCTA-1	5.682264	1.0876566
fast_pie_b1_40_TTTGTGAAGCCGCAGT-1	-2.4852955	-0.021355338
fast_pie_b3_44_AGCTACTAGTCACTCC-1	8.405556	0.6059739
tnf_post_pie_b2_1_54_TGTAAGTGTTGCTTCG-1	2.4673984	-0.51756954
ibd_pbmc_pre_TAATCCGCAGCACGTT-1	3.2131526	1.008699
tnf_post_pie_b1_2_50_GTGCTGATCAGTGAAG-1	8.259817	8.313145
ibd_pbmc_post_GACCTCAAGACTTATG-1	10.683881	7.128109
ibd_pbmc_post_GCTAGCGGTCATAGAT-1	10.971064	6.9969735
fast_pie_b1_40_CCTAAAGGTCAAAGGG-1	-0.30700642	-0.56633234
lgtd17_CCACAGGGTGTCCTGC-1	0.77782905	5.6834645
fast_pie_b3_44_ATGACGAAGTTGTCCC-1	0.46253312	1.3767171
lgtd18_CCAAGGCTCTAAGTGC-1	1.5332867	8.39539
fast_pie_b1_41_GCTCAACCACAGAAAC-1	1.4821012	0.6552594
fast_pie_b3_45_ACGACTTAGGATCCGC-1	-1.406982	0.9675886
tnf_post_pie_b2_1_54_GCAACAGCAAGCGATG-1	7.8361964	4.853137
tnf_post_pie_b1_1_50_GGGAATATCAAAGGCA-1	2.398707	1.6356233
fast_pie_b1_40_CTTTGAGCACAACAAA-1	-5.3420224	0.2767384
lgtd17_CCGTTTGGTGACATAT-1	6.690811	7.9360127
tnf_pre_pie_b2_52_CCTGGATCATAGTCAT-1	-0.7702931	3.0407474
fast_pie_b1_40_CTCCGGACATGTCAGC-1	7.9132442	-0.23326704
fast_pie_b1_40_GAGCATGCATATTGAC-1	-1.2763541	-1.6864315
lgtd18_TCTAGCCTCCAGGTTG-1	3.2871826	8.601902
tnf_pre_pie_b2_52_AAGGTCAAGTCATTTC-1	5.2260156	6.9332886
fast_pie_b1_40_TGTTCCTCACAATGCC-1	-0.19059123	0.5139145
fast_pie_b3_45_CTTGCAACATAGTCAT-1	1.4718434	-1.2223499
fast_pie_b1_41_CTTAGGAGTTTGGGCG-1	1.0956397	-0.34592736
lgtd17_TCTTAGTTCGCTTCTA-1	-1.2049963	1.8573731
fast_pie_b2_42_CCACAGGGTCGCAATA-1	8.185035	5.7187986
ibd_pbmc_post_TCCATTGTCATAACTG-1	10.325228	4.1401505
lgtd18_GCCACAATCTGTAAGC-1	1.8788948	7.592133
fast_pie_b3_44_TCCGCCATCGGTCATG-1	9.832445	7.5409594
fast_pie_b1_40_CCAATATCACTAGGTC-1	6.106297	1.8171239
ibd_pbmc_pre_GGTCAAGCATTAAGCT-1	-0.35313877	-0.9233805
HDad_AGTTGCAGTGCAATGC-1	-0.44456613	3.7991202
lgtd17_GGTATGTTCTCATCAT-1	0.6710996	4.530866
fast_pie_b3_44_CTTTAGGCATAGCTGC-1	5.6833177	1.1479919
tnf_pre_pie_b2_52_GCGGATACATTGTGAT-1	1.0883504	2.7392364
tnf_post_pie_b2_1_54_CTCCTCACAGTTTCTC-1	5.311985	4.7918243
lgtd17_GTTGCCCGTAATCACG-1	1.0938884	5.0623093
fast_pie_b1_40_GAGAAACGTTGCACAA-1	0.31956068	-0.9752041
fast_pie_b3_44_GCTCTGGCAACCGCCA-1	-0.56756264	-0.7085591
fast_pie_b3_44_AGCGATTTCGAAGTGA-1	1.7140177	3.8187172
HDa_TCCAGGATCATTAGGC-1	11.771866	8.077077
fast_pie_b3_45_TAATGCATCGGGACCT-1	1.9053991	-0.9747954
lgtd17_TGTTGCACATAGCTGC-1	1.8860713	5.8038244
tnf_post_pie_b2_1_54_TATGGATGTCATTGTC-1	5.7957773	3.355542
fast_pie_b2_42_TAGCGGACAAGCTAAA-1	2.7115998	1.7090845
fast_pie_b3_45_GCGGGTTTCCTGCGAA-1	-1.4681901	1.9182115
HDv_TCGGTTTGTTAGGCGT-1	-3.1252713	4.1973677
HDv_GGGCAATAGCATGTTA-1	10.280266	7.518844
tnf_post_pie_b2_1_54_CGCGGATTCAATGTCA-1	5.7643642	4.682318
lgtd17_TAGCTAATCCCTGATC-1	-0.64787716	1.1888055
fast_pie_b3_45_TTGTGCGAGGAGGACT-1	1.3700217	1.0509582
fast_pie_b1_40_CTAACCACATTGCAGC-1	8.015873	7.931238
tnf_post_pie_b2_1_54_ACCTGTTGTACCAGGT-1	5.029972	4.9475007
fast_pie_b1_41_GGAACCTGTGTTGTAG-1	-0.577742	1.794918
tnf_post_pie_b2_2_55_TTGCCCGTCCTTTACG-1	4.1893115	5.5387836
HDj_GTGGCTTCATGTCAAT-1	-1.8327091	3.6391904
tnf_post_pie_b2_1_54_GCGGATACACGTTACA-1	4.4163003	2.6919398
lgtd17_TCTCAAGCATGTTGGC-1	0.21103005	5.1577253
fast_pie_b3_45_GGAGGTTAGCTGGACC-1	-0.686175	1.0045202
lgtd18_CCATTGTGTTAAGCCA-1	6.065532	5.6194205
tnf_post_pie_b2_2_55_AGTCGCATCCCATAGG-1	-1.8783714	3.1234965
fast_pie_b2_43_GCAAACAAGCTGCACA-1	0.4408452	0.2593943
fast_pie_b1_41_CCCAGCACACCTCGCT-1	1.0425465	0.541814
fast_pie_b3_44_AGGATGCAGGAAGCAC-1	-2.8537047	0.9304168
HDad_CTACTAAAGACTCGCA-1	1.7973166	3.478231
tnf_pre_pie_b2_52_ATCATGTCATTGTCAG-1	6.0752897	2.76446
HDa_CTGGTTACAATACTGT-1	7.5530005	3.827699
fast_pie_b3_44_CCATTGTGTATCTGGA-1	9.733886	1.539834
ibd_pbmc_post_TTTACGCGTGGATGTC-1	10.199252	7.658007
fast_pie_b1_40_TTGGATATCCCGTTTA-1	-0.7823176	1.2397754
tnf_pre_pie_b2_52_AAGCCTTAGTAAGTCC-1	5.772967	6.8783283
lgtd17_TACTGCACAATCCCTT-1	-1.3799467	4.5396543
HDa_GTTTCTAGTGAGGTAG-1	-5.955728	1.1939012
fast_pie_b1_40_CATTGTAAGTTAACCA-1	-4.881865	1.0093427
HDa_AAACCAACAGCTACGT-1	-2.6527944	3.26322
fast_pie_b3_44_CCATCATGTGCCGCAA-1	-0.27991787	-0.45168704
tnf_pre_pie_b2_52_TTCGCAACATCCCGCT-1	2.4123893	1.8650748
HDad_ACTTATGAGCTACTGG-1	1.5616438	2.9171166
fast_pie_b3_44_ACACTTGCACATTGCA-1	5.473318	4.512844
tnf_post_pie_b2_2_55_CAGGTTTAGTCACCAG-1	0.6234263	0.55369824
fast_pie_b1_41_CCCAAATAGCCAGTAT-1	2.193194	-1.2410312
ibd_pbmc_post_GAAAGCCAGTTGTCCC-1	9.858116	6.283011
lgtd17_AACTTAGTCTGGCTTC-1	3.432065	5.4831786
fast_pie_b3_44_CTCCGGACAGTAAGTA-1	7.520927	3.500334
lgtd17_CGCTAATAGGATGATG-1	1.3669661	6.168229
fast_pie_b3_44_ACAGGCTGTTCGCTTG-1	0.77720696	-0.51664424
tnf_pre_pie_b2_52_CAAACTGGTCATGAGC-1	3.2194002	5.7318697
fast_pie_b3_45_CTGACATAGCCTGTGA-1	10.312357	7.5886135
ibd_ilc_post_GTCGAAGCATCCCGCT-1	10.539869	4.999152
lgtd18_GGAATCTTCGGTTTGG-1	4.568986	8.679012
fast_pie_b2_43_TAACCAGGTCAAAGAA-1	0.6288172	-1.4662244
fast_pie_b3_44_TTTAGGATCCTTAAGA-1	9.90361	5.8612714
fast_pie_b1_41_GTAGCGCTCTTGCTAT-1	-4.021721	2.0380032
fast_pie_b2_42_CCTATAGCACTTCATC-1	6.422101	2.0807486
HDj_CTGGACCAGACAAACG-1	0.05660129	3.7597966
fast_pie_b2_42_ATGGTCTAGGTTACGT-1	9.647948	1.3989959
lgtd17_TACTGACAGCCTAACG-1	1.6609952	4.4782224
fast_pie_b3_44_ATCACAATCTAGCTTT-1	1.0582057	-1.0505464
lgtd17_AGAACCAAGGACACTT-1	2.0080194	4.0904207
ibd_pbmc_post_CCTGCTCCAAATTGCT-1	0.7878936	0.3927767
fast_pie_b2_43_ACCACACCAACTGGCT-1	7.5380282	0.7260598
fast_pie_b1_40_CTTAAGGGTTGGTGAC-1	1.6155554	1.0616776
fast_pie_b2_43_TGCGGTTCACACAATT-1	6.397207	1.8507473
ibd_pbmc_pre_AGCACTTAGCGGCTGT-1	4.601843	2.3551228
fast_pie_b2_43_GAGGTGAGTTCGCTCA-1	8.320022	-0.35376143
fast_pie_b1_40_AACATAGCATTCCTGT-1	9.778241	5.5290394
lgtd17_TTGGCTTGTGCAATAT-1	0.29755655	4.323537
tnf_post_pie_b2_2_55_AAATGGCCAAGATTCT-1	10.700053	6.106909
lgtd18_TCGTGCTTCGTTACTT-1	2.8464456	8.520589
tnf_pre_pie_b2_52_GTCATCACATCAGTAT-1	-0.3201298	2.4835896
lgtd17_CTAAAGCTCCTAGTTT-1	-0.46955943	4.4952254
HDa_TTCCCACAGAACAAGT-1	0.15773201	2.3886502
tnf_post_pie_b1_1_50_TTAAGTGTCGAGGAAC-1	-3.1959305	4.3626065
lgtd18_CTAATGTCACGAATCC-1	4.6737986	8.111428
fast_pie_b3_44_CAGGTCCAGGCCTGGT-1	10.136626	5.822021
ibd_pbmc_pre_AGGTCCGGTAATAACC-1	5.384045	0.34208786
HDa_TGATTCAAGCTAGAAG-1	-0.83357525	2.445855
tnf_post_pie_b2_1_54_ATATGGTGTAATCACG-1	-0.61028826	0.573741
lgtd18_TAATTGCCATTGACAT-1	0.7513003	8.051029
tnf_post_pie_b2_2_55_AGTTTGATCGCTAGTG-1	8.022313	7.428916
lgtd18_CCCAAACCAGCAACAG-1	1.9515334	8.564224
tnf_pre_pie_b2_52_TCCATGCTCTCAATAG-1	-3.9023995	3.3661926
fast_pie_b3_44_CCTGGATCACTATGGC-1	0.54236287	0.7605666
tnf_pre_pie_b2_52_GGCTGAGAGATAGACG-1	-2.0382776	3.1223102
tnf_post_pie_b1_2_50_AACCTTAAGTGAAGTG-1	-0.26914382	-0.68427676
fast_pie_b3_44_GGACCGAAGGGACTAA-1	3.2747047	-0.43758306
fast_pie_b3_44_GATCAAGAGGCTATGT-1	0.69341934	-0.21106723
ibd_pbmc_pre_ATGGCTAGTTAGTTGG-1	9.448316	8.469851
tnf_pre_pie_b2_52_ACACCTTGTGATCAGC-1	2.613455	2.4265935
ibd_pbmc_post_GATTACTCAGCAAGTG-1	-2.4011798	1.4398549
ibd_pbmc_post_CCTATAGCATGAAATG-1	7.94574	-0.30384234
HDa_TTCGTGCTCAATGTGC-1	-0.24701759	2.4417014
fast_pie_b2_43_GTATGTGGTGATCAGC-1	5.0578713	1.9514016
lgtd17_GTTACTAAGCGAGTAA-1	1.5327413	5.755153
fast_pie_b1_40_TCATTGCGTACCAGGT-1	-4.711597	0.30785093
tnf_post_pie_b2_1_54_AAGCCTGTCGCATCCT-1	0.71998507	2.8516316
fast_pie_b2_43_AACTAGCTCAATACGC-1	-1.9326559	0.7110548
tnf_post_pie_b2_2_55_CACAATATCCTCCATA-1	0.46772903	3.1053333
fast_pie_b2_42_GGGTCAACACATTAAC-1	7.8185935	7.9978404
fast_pie_b1_41_CAAGGCTGTTCATCTA-1	0.29745033	0.548966
fast_pie_b3_44_CCTAAGTAGTTAGTTG-1	8.51698	-0.4015487
ibd_pbmc_post_CTATGATCAAGTGAAC-1	9.544409	6.211065
fast_pie_b2_42_AGGGCCTTCCTAAATG-1	0.26933828	1.9517058
tnf_post_pie_b2_1_54_TCTAACCGTCAATACG-1	-3.1888592	1.1822032
fast_pie_b2_42_CCGCTAGCACCTCGCT-1	-1.6143278	-0.6180037
tnf_pre_pie_b2_52_GATTAGCTCATTAGGC-1	4.0236063	2.9762776
lgtd17_AGTGAACCACACCAAC-1	2.2797742	4.3936453
fast_pie_b1_40_GCTTAACAGAGAGCCG-1	1.7707552	0.86500734
fast_pie_b2_42_GAACCTGTCCGGTATG-1	4.8040833	1.96808
tnf_pre_pie_b2_52_TATCCGGAGCCGCTAA-1	-3.064843	3.6726513
HDa_ACGAAGTCATTGCGGT-1	-0.9086374	0.08403436
fast_pie_b2_42_GTTTATCTCATGCTCC-1	5.5046926	0.26703465
fast_pie_b1_40_GGTACCGGTTCCAGGG-1	-2.0061667	-0.8133556
ibd_pbmc_post_GAGGACTAGTAACCCG-1	9.66158	8.427607
tnf_post_pie_b2_2_55_CAGCTATAGTTAGCCG-1	4.42387	2.8635817
tnf_post_pie_b1_2_50_TCGATTAAGCTTAGCG-1	1.166783	0.9187329
lgtd18_TGTTACTTCCATTACT-1	0.19712827	8.74767
lgtd17_ACCAGCTCATCTTGAG-1	2.2813702	4.236226
tnf_post_pie_b2_1_54_ATTACCCGTTTGGGTA-1	-3.4710357	2.886593
lgtd18_TGGACGGAGTTCCCGT-1	3.1145253	8.632462
fast_pie_b2_42_CACATACAGGAGTCGG-1	6.9099975	4.4377446
lgtd17_TGGGCATGTATTACCC-1	7.2127337	8.727001
fast_pie_b3_44_TTTAGCTTCTTGCATT-1	1.750248	0.79553455
fast_pie_b1_40_CTTGCGCGTCGTAATG-1	1.8128201	2.269861
lgtd17_AGCTAGTTCATGCAAC-1	7.1381364	8.491432
lgtd18_AAGGCCCTCCTAGTAA-1	1.5456263	8.30403
fast_pie_b1_41_GAAGGCCCAATGCCTA-1	1.2814331	0.9343424
fast_pie_b2_42_CCTATTGTCATGGCCA-1	7.73798	3.3195386
tnf_pre_pie_b2_52_TAGGAACCATCGCTCC-1	6.9472637	4.4837513
fast_pie_b2_42_GTAGGTGCAGTAGGTG-1	1.9185189	-0.24709976
fast_pie_b1_40_AATAGCTGTAGCTAGC-1	1.3951317	-0.0071239593
HDa_CCTGGTAAGGGTCCAC-1	-2.1058376	2.0469217
tnf_pre_pie_b2_52_TGGGCATGTAACAGGG-1	1.4583514	2.615476
fast_pie_b1_40_ACGAATCTCGTGCCTT-1	-1.1332779	0.5854929
tnf_post_pie_b1_1_50_ATTCAACCATAGACTT-1	10.758056	7.405641
ibd_pbmc_post_CGCAAATTCCGTGACA-1	0.668903	0.4907955
fast_pie_b1_40_CAATGACTCTGGCAAT-1	1.6949672	0.08785312
fast_pie_b1_40_CGAAATGAGCTATTGA-1	7.3333774	2.7841187
fast_pie_b3_44_AGTGCCGGTCAATACG-1	4.8656893	6.1897745
lgtd17_TGCTCCGTCTAGCTAA-1	0.3349473	5.9656863
HDad_TGAGGCACAGCAAGTG-1	-0.9890942	4.944165
ibd_pbmc_post_GCTATAGGTGCTTAGA-1	0.2726234	1.5724239
HDa_CCTGTATGTGTGAGGA-1	-2.0171103	2.9082527
lgtd17_GTGATCAGTTTGTCTA-1	0.38053054	4.829889
fast_pie_b3_45_CTAGCTGAGAGCCGCT-1	1.0776215	2.1427844
tnf_post_pie_b1_2_50_CAAGTTATCCGTCCAT-1	0.82356787	1.4381337
fast_pie_b1_41_CGAAGAATCGTCCTTA-1	2.526184	-0.99481326
lgtd18_CCAATATCACCCACCT-1	0.9641769	9.20578
lgtd17_TTACCGTGTTCATTTG-1	1.0488119	3.5039756
lgtd17_GAACCAGCAACCCTAA-1	1.2064437	4.745954
tnf_post_pie_b2_1_54_CCTGTAACATAAGTTC-1	-0.3091271	0.284142
HDa_CGGGTCTAGACAAAGT-1	11.025492	9.0308485
lgtd17_GGCTAGTGTGTCCAGG-1	6.2018094	8.92971
ibd_pbmc_post_CTAAGTCAGGAGCATA-1	0.49390694	0.42944542
tnf_post_pie_b2_1_54_TTGTGTGCATAGCAGG-1	9.351406	7.1608133
fast_pie_b2_43_TGTTGTGCAAAGGTAC-1	8.581794	5.5277247
tnf_post_pie_b2_2_55_ACGCAAGCATCCGTAA-1	3.2187214	6.099954
fast_pie_b3_44_GCCTGAGGTGAAGCCT-1	9.676677	2.8460238
fast_pie_b1_40_CGAAGAATCCTCCCTC-1	-2.786326	1.8493865
fast_pie_b1_41_AGATGAAGTTGCCTCA-1	2.1686137	-0.80771405
lgtd17_ACGCCTAAGTTGTCTT-1	0.4149704	5.8654304
fast_pie_b1_40_GGTGAGCCACGAATTT-1	0.5146626	-2.1014342
tnf_post_pie_b2_1_54_ACCAGGACAAGGGTTG-1	1.3990086	-1.7370484
fast_pie_b1_40_CATAATCCACAGAAAC-1	-2.5209937	-0.43065113
fast_pie_b1_41_TTGGCTTGTTAGTGAT-1	0.027005473	0.06964557
lgtd18_GAGTCAAAGGCTACAT-1	1.8381099	7.4861526
tnf_post_pie_b2_1_54_ACCTTCATCCTTTACG-1	-2.4519243	0.45410344
lgtd18_CCAGCCTGTTTCCACG-1	1.1449281	7.9569373
tnf_pre_pie_b2_52_GACCGTTCAGTTTCTC-1	10.161759	3.8866897
fast_pie_b3_44_TCCCGGACAGCAACCT-1	1.0032473	0.5262064
tnf_pre_pie_b2_52_TTGCTTAGTAATCGGC-1	8.8595295	5.3995786
tnf_post_pie_b1_1_50_ACTCGCGCAATCCTGA-1	9.200056	9.076973
fast_pie_b3_44_GCAGGATAGAGCAAGC-1	7.7432804	7.865776
ibd_pbmc_post_CAGGACCTCCCGTTAC-1	-1.8062806	0.5905967
fast_pie_b1_41_AGCGGATAGCATGTTA-1	1.626727	-1.8141035
ibd_pbmc_pre_TGACCAAGTGTGCACG-1	0.42716798	2.4186199
fast_pie_b3_45_TACCTCATCGCAGGCT-1	1.6281313	1.361062
fast_pie_b2_42_GGACGGATCCGTTATT-1	9.538893	5.7648344
lgtd17_CCATTGTGTTGTTGTC-1	-1.3082303	4.7122207
fast_pie_b1_41_GTCCTAGAGTTTGGGT-1	8.07981	-0.1001939
tnf_post_pie_b1_2_50_TATTTGCTCATTATGG-1	8.14813	3.6572545
fast_pie_b3_44_AGTGAGTCATGACTAT-1	-0.18422101	0.64871824
fast_pie_b3_44_TGCAATATCGCTAGCA-1	6.101278	1.4312919
lgtd18_CTTTGAGCAGGAATCG-1	1.4117012	6.6320977
fast_pie_b2_42_TCCCTGGTCTCCATGC-1	0.62162155	-2.275773
lgtd18_GGCATGGAGCTGTAAC-1	4.9441586	8.563304
fast_pie_b1_40_AAATCCGGTCAATACG-1	4.698297	1.240709
fast_pie_b3_44_GATCGCTCACTATGGC-1	9.051717	1.2601837
fast_pie_b2_42_GTTGTGAGTCACGGAT-1	1.7301714	2.685122
fast_pie_b1_41_CATCAATCAATAATGG-1	1.354645	0.6401206
fast_pie_b1_41_GCTCTGGCAGCTAATT-1	-0.86226505	0.2628583
tnf_pre_pie_b2_52_CTATGACAGCGTGCAC-1	-5.188671	1.4610806
fast_pie_b2_43_TACTCAAAGTTGTCCC-1	-0.29554182	-1.1735046
HDj_GTGATCAGTTGGTTGA-1	1.0831369	3.5285132
fast_pie_b1_40_ATGTCATCATTGTGTG-1	5.710787	0.3699103
lgtd18_AAGGCCCTCGTTATCT-1	1.3684651	8.267874
fast_pie_b2_43_TTTAAGCCATTGTGTG-1	4.994076	1.9707667
ibd_pbmc_post_GGGAGTAGTGTTGTAG-1	-0.7670432	1.508585
lgtd17_CTCCTAATCCTCCTAA-1	2.6422155	4.9308124
fast_pie_b3_45_GTCTAACAGGTGCTGC-1	-1.673059	0.33988756
fast_pie_b3_44_TAGGTTGGTAGGTGTC-1	2.123242	-0.35088575
lgtd17_TCGTTTCCAATGAATG-1	-2.104989	5.054443
tnf_post_pie_b2_2_55_GCAAACCGTCTAACAG-1	8.435567	0.07113263
fast_pie_b2_42_TGGCCAATCAATCATG-1	8.733511	6.822573
fast_pie_b3_44_TATCACAAGCCGGTAC-1	-0.7631621	0.19507216
tnf_post_pie_b2_1_54_CAGGCTATCATTTAGG-1	-4.2493877	0.8630874
lgtd17_CTTCATCCAAGTAAGC-1	7.7993207	7.840455
fast_pie_b1_40_CTACCTCAGAGCCGCT-1	1.3374211	1.5288157
tnf_pre_pbmc_b1_49_TGCTTGCTCCTTGAGG-1	-0.096997336	1.5807093
tnf_post_pie_b1_1_50_CCTGAGTCACATTAAC-1	1.6780976	0.9309468
fast_pie_b2_42_AACGGTAAGGCGTAAA-1	3.9735556	1.7709947
tnf_post_pie_b2_2_55_AGGAAACGTCTTGCTG-1	8.413841	8.777831
HDv_GGGTATTTCTAAGGAG-1	-0.94589996	3.6296294
tnf_pre_pie_b2_52_GCCAATAGTCCGTAGG-1	5.3699284	0.24450833
tnf_post_pie_b1_2_50_ACACTTGCACACCAAC-1	0.9828623	5.6184955
fast_pie_b1_41_CTTACCTCATAAGGAC-1	4.8077455	1.626323
fast_pie_b1_41_ACACTTGCAAACTCAT-1	0.350905	0.80796474
HDad_TCAATCGCACAGAACG-1	1.3746785	3.594115
HDa_GCTGTACCAGGTTACC-1	9.87354	1.3912234
lgtd17_GGGTATTTCTAAGGTC-1	-5.600757	1.0308732
HDv_TAAGGCTTCCCTGGTT-1	6.498156	8.179697
tnf_post_pie_b2_1_54_GAACCAAAGGTAAGGC-1	1.0870017	0.69088334
ibd_pbmc_pre_ATGGCCCAGCGATAAG-1	3.0322104	0.42969534
tnf_post_pie_b2_2_55_TTACAGCAGGCCATCA-1	10.445709	7.782657
lgtd17_GATTACTCAGTTGCGT-1	0.82432467	5.833247
tnf_post_pie_b2_2_55_AAGGCCCTCATTTGTC-1	4.94773	6.131348
tnf_pre_pie_b2_52_GGAACCTGTTGCAATG-1	8.537515	6.3893313
tnf_post_pie_b2_1_54_TCAGCAAGTTTACCGT-1	9.807293	1.6707572
HDad_AGAAACTAGCTTTGTT-1	-5.293235	1.2371758
tnf_post_pie_b2_1_54_AGCAAATAGAAAGCAT-1	-2.8513772	1.8837411
lgtd18_CTTTAGTTCGTAATCA-1	0.5738123	9.177205
fast_pie_b1_40_GGTGAGCCAATAATCC-1	-3.923791	1.3762571
tnf_post_pie_b1_2_50_GTTCATTTCATTGCGG-1	0.98722875	1.6809255
tnf_post_pie_b2_1_54_TGCACTTGTAAGCACC-1	-0.25480205	1.1083239
fast_pie_b1_40_TCATGCCTCGCTAGCA-1	1.3196833	-0.4666037
HDad_ACTTAGGGTTCCGGCT-1	0.18112098	3.3728905
fast_pie_b3_45_TCAAGGTTCGTCATTT-1	9.608649	1.7278923
ibd_pbmc_post_GTACTTAAGCAGCTCA-1	10.532829	8.207451
tnf_pre_pie_b2_52_CCGATGCAGCTTATGA-1	-2.106223	4.1651354
lgtd17_ATGGTCTAGAAACTGG-1	0.5346134	4.7071104
HDa_ATGTCAATCATAATCG-1	-1.9777234	2.0890458
tnf_post_pie_b2_1_54_TATAGGTGTTAAGGTT-1	4.618125	5.263949
fast_pie_b3_44_TTGTTTGGTTACGCAA-1	-1.23845	0.23402509
lgtd18_GATTCGCCATCAGTAT-1	1.6549919	8.826153
fast_pie_b2_42_ATTCCTCCACGTAATT-1	3.0445597	-1.2902758
lgtd18_TCGGTAAGTTCCTGAT-1	1.7220693	8.622258
fast_pie_b2_42_ATGGCTTAGCACAGGG-1	8.714001	6.064188
lgtd17_TGGTCAAGTGCGCATG-1	1.6480669	5.9695315
tnf_post_pie_b1_2_50_GGGTGTTGTAACCACA-1	1.8831636	3.6197505
ibd_pbmc_pre_TGGTTCCTCTAGCGAT-1	2.4908893	0.4793093
tnf_pre_pie_b2_52_ACTCGCGCAGGACCAA-1	0.4397586	3.213064
fast_pie_b2_42_CGGGTCTAGCCTGACA-1	4.285821	2.3997872
fast_pie_b3_44_AGCTGCTCAGCGCTTG-1	-1.8851677	0.6875158
tnf_post_pie_b1_1_50_GTTAACGGTGCCTCAC-1	0.3656488	1.2073112
lgtd18_TTGCACACAGCATGTC-1	1.5145636	8.071039
HDv_TTTCCACCAGGACCTT-1	10.42571	8.383509
lgtd17_TTTGGTAAGCACTAAC-1	-2.2544503	3.588039
fast_pie_b3_44_GGTTCTTGTTGGCCGA-1	1.9917399	-0.6661253
fast_pie_b3_44_AAATCCGGTACCGTTT-1	-0.0036511444	-1.415588
tnf_post_pie_b2_1_54_TCATGAGGTCAGGCAT-1	8.794152	7.2825217
tnf_post_pie_b2_1_54_TGCAATATCATCCTGC-1	-0.32656917	0.071258344
HDad_CCGATGCAGAATGACG-1	-2.7889998	4.4856277
fast_pie_b2_42_ATTATCCTCTCGCCCA-1	-0.8819832	-0.027280765
fast_pie_b1_40_AGCAACAAGCTGGACC-1	-0.06314465	0.9392434
lgtd17_CTTGTTCCAGGTTACC-1	1.3616694	4.672642
lgtd17_ACCTCACTCTATCGCC-1	-0.19511515	4.400245
tnf_pre_pie_b2_52_CAAAGTGAGAGAAGGG-1	8.119683	0.50919205
ibd_pbmc_pre_CGAGTCGGTAGGATCC-1	0.64279485	5.938069
fast_pie_b3_44_GATAACGAGTAACTCA-1	-1.7382541	-0.24852851
HDa_CCGTGCTGTAATCGTG-1	11.077436	9.001534
fast_pie_b1_40_CTAACCCTCCGCAAGC-1	8.581645	0.36135057
ibd_pbmc_post_GCCCATAAGAGAGCCG-1	9.46909	1.8215123
lgtd18_TCCGGTAAGGGTTATC-1	2.4600165	8.928608
tnf_post_pie_b2_1_54_ACACTAGGTGTGAGAG-1	9.244233	8.055507
ibd_pbmc_pre_GTGTGTTAGCAAGACA-1	8.111372	8.7591
tnf_post_pie_b1_1_50_CTAGTGAGTACGGTAC-1	-5.5543365	1.3296127
ibd_pbmc_pre_TTCAGTTTCGTAACGT-1	9.403389	8.153038
fast_pie_b3_45_CATCAGCCAATAAGCA-1	1.135671	0.71331996
ibd_pbmc_pre_TAGCTAATCCGGTATG-1	1.6185912	0.68338543
ibd_pbmc_pre_GGGATTAAGGGATGAC-1	9.274582	8.753706
fast_pie_b3_45_GCCAACATCACTCGCT-1	1.0475827	-0.86362326
fast_pie_b2_42_TAGCGGCTCTGGCATG-1	8.440924	5.4283285
tnf_post_pie_b2_2_55_GGTTCTTGTGCAACTA-1	7.853221	4.413646
fast_pie_b1_41_GGTCAGGAGTTATGGC-1	10.247462	3.8221383
fast_pie_b2_42_GCACATTAGGTACCGC-1	5.109729	1.1679053
fast_pie_b1_40_TCCAGGTCATAGCAGG-1	1.3151549	1.4028755
fast_pie_b1_40_GTGCACGGTATCTGGA-1	8.996287	6.354679
tnf_pre_pie_b2_52_TACGGTTAGACAGGTA-1	-0.6917853	1.943767
fast_pie_b3_44_ACACTTAAGACAAACG-1	0.13417788	-1.0892386
tnf_pre_pie_b2_52_ATAGATGCAGGTTAAA-1	0.46816167	1.6994857
HDj_GAGCGAAGTAGTCAAT-1	-2.1236246	4.290591
tnf_post_pie_b2_1_54_TGTGGCTCATAATCGT-1	0.44195977	1.7057488
lgtd17_GGGATTAAGCAAGGTA-1	6.368807	8.868408
fast_pie_b2_43_CTAATAGTCACATTGA-1	9.979315	5.2876368
HDad_GCTTTATTCAGGGCCT-1	1.7839445	3.6357813
ibd_pbmc_pre_GAGCGGTCAGCAGGTA-1	2.0029953	0.7724266
fast_pie_b2_42_ATCCGTGAGCTAAAGG-1	8.189591	0.9917146
tnf_pre_pie_b2_52_CTTGACGAGCCAGGTC-1	1.9047272	2.935251
HDa_CATGGATTCAGTATTG-1	-2.8645365	3.345714
fast_pie_b1_40_GACCTGATCCAATTAG-1	-3.2860918	1.8187284
tnf_post_pie_b2_1_54_CGGACAACACAACAGG-1	8.678198	8.72003
ibd_pbmc_post_GCAAGTCGTGCTCCAC-1	9.591882	7.8889213
fast_pie_b3_44_CAATCCCTCTGCAAGT-1	9.731828	5.928623
ibd_pbmc_pre_TTTGTCCCAACTAGGG-1	1.9363893	0.93975925
tnf_post_pie_b1_2_50_AGGAAACGTCAGGAAG-1	7.7075377	6.5878487
fast_pie_b2_42_CGTTATCGTAACCTAG-1	3.8524718	6.0402627
fast_pie_b3_44_TTGGATATCACGCCAA-1	6.5927787	3.9625354
lgtd17_TTACGTTTCAGGAACA-1	3.8756135	2.3976288
fast_pie_b2_43_AATCGCCCAAGTAAGC-1	-0.29837143	-1.3795668
fast_pie_b2_43_CGTCAATAGCTATGAC-1	10.310776	5.911757
fast_pie_b1_41_CTGGCTAAGGCTACAT-1	9.341773	6.474114
tnf_pre_pie_b2_52_TTGTCAAAGGCAGGTG-1	-1.7242972	3.116887
tnf_post_pie_b1_1_50_CTGGACCAGGCGCTAC-1	2.5158033	1.979226
fast_pie_b3_45_ATCTTTGGTTGGTTGA-1	-1.4096792	0.43419257
HDad_CTCATGCTCCCGTTTA-1	1.6746069	3.379455
tnf_post_pie_b2_1_54_GGCCTAATCCGTCCAT-1	-2.3798978	-0.76444787
tnf_post_pie_b1_2_50_TAGGAGTCATCCAGGT-1	8.057314	6.1248875
fast_pie_b3_45_TCCCTGGTCTACTAAG-1	-0.3214987	-0.5096491
tnf_post_pie_b1_1_50_CTGACCAAGGTGAGAC-1	1.1064031	0.93557703
lgtd17_ACATTAGTCGTTAGCG-1	6.151499	8.818356
tnf_post_pie_b1_2_50_ATCGAGGCAGGCATCT-1	8.027378	6.6011095
fast_pie_b2_42_AATTGCTCAATATAGG-1	-0.8317559	-0.0015713082
ibd_pbmc_pre_ACGTCCTTCAGGCTAT-1	9.961471	6.533878
ibd_pbmc_post_AACCTTAAGTAACGGA-1	9.7485895	8.097836
fast_pie_b3_44_ATTCATGAGGACGTAA-1	7.3671684	3.5447364
tnf_post_pie_b2_1_54_TACGGATTCCCTCAAC-1	1.1884296	-1.6260382
lgtd17_AGTAACGAGGGACGCA-1	0.68245393	6.133356
lgtd17_GTCATCCTCCGCAAAT-1	6.0842113	8.164867
ibd_pbmc_pre_GGTTAGCGTACTTAGG-1	1.2560097	-1.2105876
fast_pie_b2_43_TTGACTAAGGTGTCCA-1	9.55182	1.0847116
fast_pie_b3_44_GCTGAGGAGTTTGGTA-1	4.0817146	2.7464743
fast_pie_b3_44_ATCGCTTGTTACGCGG-1	-1.3364762	3.162181
lgtd17_ACAGCCGGTGTTGTAG-1	1.3960091	5.622418
tnf_post_pie_b2_2_55_TGCTCAACAAACGGGC-1	6.4416323	4.3204246
tnf_post_pie_b2_1_54_TTGCGTCTCCGCAAAT-1	0.55284756	1.4650488
fast_pie_b3_45_CTCCGGACACCAGGTT-1	-0.37647584	0.76792246
fast_pie_b1_41_GGCTAGACATTGTCCT-1	5.6144223	1.2924141
tnf_post_pie_b1_2_50_AGCGCCTAGTTGGGCC-1	2.1143167	5.16041
fast_pie_b1_41_ACTCCTCAGTTGTCAA-1	9.830403	1.3425
lgtd17_AGGTAACCATTAAACC-1	0.06239168	5.090274
HDa_ACGGGAAGTGGATTAT-1	0.32265988	2.7139094
ibd_pbmc_post_AGTCAGGCATTCCTGT-1	1.2405397	1.1021906
fast_pie_b3_45_GCTAGTGTCCGCACAA-1	1.2212726	1.2888688
fast_pie_b3_45_CTAATCGCACAAAGCG-1	-0.47040135	4.493888
fast_pie_b3_44_CAAGTATGTGCCTCAC-1	9.775149	1.80549
HDad_CGCTAATAGCAGGCCT-1	-1.23975	3.653557
fast_pie_b2_42_CCGATGCAGCATTATG-1	-0.7466165	1.1624414
lgtd17_CCTTCGGTCACAGCGC-1	1.4680651	5.4481397
lgtd18_TTGGATCAGCCGCAGT-1	2.0768738	8.9297905
tnf_post_pie_b2_1_54_AATGCAACATGTTGTG-1	-0.6045781	-1.0262326
fast_pie_b1_41_CTCCGGACATTCCTCG-1	0.9053126	-0.10856407
lgtd18_GGTCCATCAGCAAGGC-1	1.6638206	9.246893
ibd_pbmc_pre_ACTAAAGCAGGAACTG-1	7.89842	8.867154
tnf_post_pie_b2_1_54_CCTTCGTAGTTGTCAA-1	1.5132316	1.646346
tnf_pre_pie_b2_52_GTTGCCCGTAATTAGC-1	9.442171	6.053486
fast_pie_b2_42_GGCGCTAGTTTAGCGA-1	6.8516526	4.3462768
HDad_GATTAGTGTGATCAGC-1	-1.246752	4.1086297
tnf_post_pie_b2_1_54_GATCGATTCTACCTAT-1	-1.3325747	-1.0325762
lgtd18_TACGTTAAGCCAAATC-1	1.2483896	7.928287
fast_pie_b3_45_ATATGCTCAAAGCTCC-1	-2.1699135	0.5496063
fast_pie_b3_44_CAAGCTAGTTCCGGGA-1	0.32290584	3.2220082
HDad_GGCTATGTCATGCGTG-1	1.1862609	4.3085027
fast_pie_b1_40_TGTGTGAGTGCACGCA-1	1.6316272	1.2221982
tnf_pre_pie_b2_52_TCACTGACATTGCGAC-1	-1.4306117	3.3160548
lgtd18_AGGTTACTCCTCATGC-1	1.2344248	7.7244906
fast_pie_b3_44_TGAGCAAAGCTGTCAG-1	3.567399	1.4321975
fast_pie_b3_44_GTAGCGCTCTCAATAG-1	0.5949246	0.045704063
fast_pie_b1_41_CGGATTAGTTAACGAT-1	4.5076394	2.5645823
fast_pie_b2_43_TGTGCACCATGAATCT-1	5.329048	1.0873622
fast_pie_b1_41_GCTGTACCAGCAGGTA-1	-0.10814272	-2.106644
fast_pie_b2_42_TCCTTCAAGTACCGCA-1	8.72921	4.1832147
HDa_ACTCGCGCAGTAGGAT-1	0.10644971	2.6726763
tnf_pre_pie_b2_52_GCCCGTTGTGGGTACT-1	2.8469517	2.075137
HDa_TGACTTCGTGTTGCAA-1	0.38480994	-0.2531426
fast_pie_b3_44_CATCATGCAATATAGG-1	0.4423851	-0.7722521
tnf_post_pie_b2_1_54_CTCTAGCTCCCGCAAA-1	4.8582287	6.633749
lgtd17_GTTAAGTGTCTAGCTT-1	6.7082267	7.9523168
ibd_pbmc_pre_AACAGATAGCTCCTTA-1	2.9690835	0.8392223
HDa_TCTTCAAGTCGCAATA-1	5.955432	1.207898
tnf_post_pie_b2_2_55_CGTGTTACAACAACAA-1	10.047316	4.012359
lgtd17_AATGAAGGTGGCTTCC-1	0.88466585	6.155619
fast_pie_b1_40_CTCGACAAGCTCAAAC-1	1.4108763	0.18353674
fast_pie_b3_44_TAATGGTGTTACATCC-1	-1.6657689	1.7372011
fast_pie_b3_45_CTGGTTTGTTGCATCT-1	0.63623506	0.099760264
tnf_pre_pie_b2_52_AAGTCTATCCCGCATT-1	3.5058212	3.130291
fast_pie_b1_41_AATCAGGAGCTAGAAG-1	0.5456908	0.9766241
tnf_post_pie_b2_1_54_TGACTCCTCCTACCTA-1	9.863019	7.029445
fast_pie_b3_44_ACTTACTTCTTAGTCT-1	4.9934936	0.96696097
lgtd17_GTTCCTGGTTCATTTG-1	0.9399823	3.2836654
lgtd18_GGCTTAAGTCACCTAT-1	2.4685822	8.5869255
lgtd18_TTAACTGAGTAGCTTA-1	1.5488019	8.178001
tnf_post_pie_b2_1_54_GTGCGGTTCATGACCG-1	9.794866	7.9786386
fast_pie_b1_41_ATGTTGTCAATAACCT-1	9.559399	7.195709
lgtd17_TACCTGCTCTGTAATG-1	8.339636	7.224316
fast_pie_b1_41_TTGGTGAGTTGCCTCA-1	8.891381	8.36235
tnf_post_pie_b1_2_50_ATGAATGCAGGAACTG-1	0.81692624	1.5840776
fast_pie_b3_44_TCTACCTCAGAACCGA-1	0.7808682	-0.7612477
lgtd17_ATGAAGTAGCCACATG-1	6.397226	8.041474
ibd_pbmc_pre_AATGAAGGTACCGAAC-1	6.420347	1.873342
tnf_post_pie_b2_2_55_TAGCTAGGTTTGGGCG-1	10.031677	3.848937
tnf_post_pie_b2_1_54_TGACCTTGTTCCGGCT-1	0.43117946	1.7650594
fast_pie_b1_40_AGCCTAAGTTCGGGAT-1	7.3712683	0.53957576
lgtd18_GGTATTGGTGTTGTAG-1	2.2171528	8.531493
fast_pie_b3_44_CTGGTCAAGTAGCGGG-1	2.4199717	-0.5131459
fast_pie_b2_42_GCCTTAACACCTCACC-1	5.18762	1.8525122
lgtd18_TCCTTTACAACTAGAA-1	1.479999	9.134342
tnf_post_pie_b2_2_55_CTAGGCGGTTTGTGGA-1	9.518656	1.9729086
fast_pie_b3_44_GGTAGGAGTCCTTTAA-1	1.2865986	1.6489253
fast_pie_b3_44_CTAGCTTGTTGTCCAT-1	0.040320266	2.4458325
fast_pie_b1_40_GATCACTAGGGTTATC-1	-1.5472957	0.16320004
fast_pie_b2_43_AGTGATGAGGCCGGAA-1	0.8789368	2.1269712
tnf_post_pie_b2_1_54_GGCCGTTAGAGAAGGG-1	1.070608	1.9150952
fast_pie_b2_43_CTCATGCTCTGTGCCT-1	3.3819878	-0.9107794
fast_pie_b1_40_AACTAGTGTAGCAGCT-1	0.18365327	0.6935575
tnf_pre_pbmc_b2_53_ACCTAAGGTTCCGGCT-1	2.734722	2.1318402
fast_pie_b2_42_TTTACGAAGGAGGTTA-1	2.9259224	-0.52410364
tnf_post_pie_b1_2_50_ATTACCCGTGTGCAAC-1	0.1809333	2.903012
fast_pie_b1_40_CATCATGCAAACTAAG-1	2.3057032	0.79505724
fast_pie_b1_40_GAGCCTTCAAGCGAGC-1	-1.1048429	1.5130953
HDa_TGTGGCCAGTTCCCGT-1	-5.894395	1.0846858
fast_pie_b3_45_GAACCAGCACTGGCTG-1	2.1817167	-0.005891907
tnf_post_pie_b1_1_50_TCTAGCACAATGAAGC-1	7.109953	8.801845
tnf_post_pie_b2_1_54_TACCGCAAGCTAAGTC-1	0.6888546	2.3642354
ibd_pbmc_pre_CGTTTCTCACATTGCA-1	2.3179355	0.44227988
lgtd18_CCTAGTTGTCATAACG-1	1.3622296	7.9176407
lgtd18_GATTAGTGTTGTAACG-1	1.8897856	8.665818
fast_pie_b2_43_ATTAGCGGTACAAAGA-1	10.926122	7.3917994
fast_pie_b1_40_TTGTGCGAGTCAATCA-1	-0.8379555	0.60258013
lgtd18_AATACCGGTTAACGAT-1	1.3396971	7.6779613
fast_pie_b3_45_ATGATGACAGATTCAT-1	5.081651	1.1674066
fast_pie_b3_44_TGCGCGAGTACGCGCA-1	9.519262	5.642235
fast_pie_b2_42_TCGCCCATCGCTTCTA-1	9.867653	5.440642
tnf_post_pie_b2_1_54_GTACTTAAGCGCCTAA-1	-3.0523148	0.76435924
tnf_pre_pie_b2_52_AATTCGTCATAGCGAG-1	2.1074634	2.758647
fast_pie_b3_45_AACCGCTCAACAGCCT-1	9.404069	5.958663
lgtd18_CGTTAGGTCCATCAGG-1	2.0591495	8.917931
lgtd18_GATAAGCCACCTGCTC-1	1.6759862	8.735826
tnf_post_pie_b2_1_54_GTCTAACAGAGGATAT-1	-0.9246066	-0.38061723
fast_pie_b2_42_GCGATTAGTATTGTCC-1	-3.9005194	1.8674257
fast_pie_b1_40_ATAGGTACACCACAAC-1	-0.811186	-0.821383
fast_pie_b3_44_CTACTTAGTAACAGGG-1	6.6838775	7.411991
ibd_pbmc_pre_GCCTACTTCGATTCTT-1	4.940029	2.43716
fast_pie_b2_42_CCTTCAGGTAATCGGC-1	1.2911364	2.409103
ibd_pbmc_post_GGCAAGCCACGTTACA-1	0.9585978	-2.234968
fast_pie_b3_45_GGAACTAAGCTCAATA-1	0.6893787	0.4431795
HDj_ATCACCCTCCCGTTTA-1	-2.1775994	1.590021
tnf_post_pie_b2_1_54_GAACCAAAGTCACCAG-1	4.042859	6.3026686
tnf_pre_pie_b2_52_CAGCCTAAGGAACACA-1	-5.3432307	1.7143829
lgtd17_AGCAACAAGACACTTA-1	-1.0616091	4.788873
lgtd17_AAGGCCCTCCTGTTCA-1	-0.7377128	1.4272288
fast_pie_b2_42_GCAATGTTCGAGGTGG-1	3.9886236	7.4116273
lgtd17_TTTGTCCCATTGGGAG-1	2.8289573	4.068111
tnf_post_pie_b2_1_54_AAGCTAGAGGGCCATC-1	10.8172455	7.6408644
tnf_pre_pie_b2_52_TAGTGAGAGTAAACCC-1	-1.0983075	4.5988464
fast_pie_b2_43_ACCAGGACACTATGGC-1	3.331058	-0.5268417
tnf_pre_pie_b2_52_GCCTGAGGTAATCGTG-1	8.618882	8.410957
lgtd17_AAATGCCTCTTTAGGA-1	1.7014105	4.5276246
tnf_post_pie_b2_1_54_CACCTCAGTTAAGGTT-1	0.4544488	1.7139344
fast_pie_b2_43_CTGGTTTGTGTCCAGG-1	10.222172	6.2439303
lgtd17_GAGTTGCGTTTGCAGA-1	7.35289	2.0503762
tnf_post_pie_b2_1_54_ATCAAGACATCGCTTT-1	-1.30892	3.910093
HDv_GGTTTGTAGCTATATG-1	1.1450708	-0.14004566
tnf_post_pie_b1_2_50_TGGGCATGTGAATCGC-1	8.134648	6.9781837
lgtd18_CGGATAAAGCACGATT-1	2.4895387	8.815568
tnf_post_pie_b2_1_54_CTCCTAATCGAGCAAA-1	-3.3540604	0.22813712
HDj_AGCAAGGGTTAGAGGG-1	-1.6737764	3.8547564
fast_pie_b1_40_TGCAGGCTCCGGTTAG-1	-1.417652	0.47505978
fast_pie_b1_40_GTTTGTAAGTCGCTAG-1	0.81884485	-0.889685
fast_pie_b1_40_CGCTACTTCACACAGT-1	9.159706	6.12871
fast_pie_b3_44_CTAATAGTCATCGTTT-1	5.601286	2.35701
tnf_post_pie_b2_2_55_AGTAATGCATCAATCG-1	1.9896295	6.215611
tnf_post_pie_b2_2_55_CCGTGCTGTGATTACG-1	-0.27442092	1.2597712
fast_pie_b2_42_ATCAATCCAATTGCGC-1	2.4154203	1.134945
tnf_post_pie_b2_2_55_CGCCAAATCCTCATCA-1	0.33863056	0.8336386
tnf_post_pie_b2_1_54_TATAGCTCAAAGGTAC-1	0.97836494	-0.72155523
fast_pie_b2_42_AAACGCGCAAGTAAGC-1	-3.9583738	1.8891172
ibd_pbmc_pre_ACGTTACAGGACCTGC-1	9.995439	1.4984598
tnf_pre_pie_b2_52_GGGTTTGTCCTGGCTT-1	9.153473	9.032854
tnf_post_pie_b2_1_54_ACCAAGCGTAGTTGGC-1	6.6231904	8.511052
tnf_post_pie_b1_1_50_AGCGTGCTCCGGTTGA-1	8.625743	9.011143
fast_pie_b1_40_CTAGTTGCACAATGTT-1	-1.2814198	-1.0052546
fast_pie_b1_40_CGCTAACCAAACTCAT-1	-0.7566016	-0.6397401
tnf_pre_pie_b2_52_CAGAATCTCAATACGC-1	-1.8804555	3.041892
fast_pie_b3_45_GACTTAGGTTCTTTAG-1	-3.7585	1.3186787
fast_pie_b2_42_AATTTCCTCAGCCAAT-1	6.1952066	1.6068153
lgtd17_CAATGCCCAGGGAGGA-1	0.17938668	5.513583
fast_pie_b2_43_GCGGATACATAAGTCT-1	10.236344	6.5391073
tnf_post_pie_b2_1_54_AAGGCCCTCATGCTCC-1	4.825591	2.6040602
ibd_pbmc_pre_CAACTAGGTATTGGTG-1	3.6513848	2.0108232
tnf_post_pie_b1_1_50_GTTAAGTGTGAAACAA-1	1.5946778	1.8590258
tnf_post_pie_b1_1_50_TCTTAGCGTCAAAGAA-1	8.424626	7.5614505
HDv_GGTGTTGTCGCTTCTA-1	-2.267129	2.7733545
tnf_post_pie_b2_2_55_GTAGTTTCAGGTTAAA-1	8.759067	8.914843
tnf_post_pie_b2_1_54_CTGTTTAGTGGACCTG-1	9.19455	2.9854388
tnf_post_pie_b1_2_50_GACATTATCGCTCACT-1	7.764958	3.3982184
fast_pie_b3_45_TAAGTGCTCCATAAGC-1	5.1092	1.548156
fast_pie_b2_43_GGTTTCCTCTTGGATA-1	8.730854	5.4778304
fast_pie_b1_41_TCTACCTCAGCCAGAA-1	0.14318545	-1.130148
tnf_post_pie_b2_1_54_CGAAGAATCCGGTATG-1	4.439934	6.1170187
ibd_pbmc_pre_GCAGGACCATAATGAG-1	-0.70517206	-1.5068306
tnf_post_pie_b2_2_55_TGGTAAACAGTAAGTA-1	-2.8326814	1.064918
lgtd17_GTTTGTAAGCTGGCTA-1	1.0920066	5.290268
tnf_post_pie_b2_2_55_AACGCCCAGGACAATG-1	8.845461	6.8161926
lgtd17_TCCAGCAAGGGATGAC-1	6.4352226	8.49653
tnf_pre_pie_b2_52_CTGATCACACCGGCTA-1	9.535515	5.883176
ibd_pbmc_post_TCCATATTCACTTCAT-1	9.82517	1.1057343
tnf_post_pie_b2_2_55_CTAGATTCAACTAACT-1	8.224016	8.811101
fast_pie_b1_41_GGGATAATCAAGTGAG-1	8.54151	0.8575224
fast_pie_b2_42_ATTCATGAGAGGAGGA-1	2.5913384	-0.3895691
tnf_post_pie_b2_1_54_GGCCTCTGTATGTGGC-1	10.250895	4.5794125
lgtd17_GGCTATTAGAACAAGT-1	7.179117	8.539984
tnf_pre_pie_b2_52_GCTAGCTCACAACCTA-1	-0.75082994	3.1465306
fast_pie_b3_45_CTTCATCCAAAGCTAA-1	-0.6235905	-0.9743353
tnf_post_pie_b2_1_54_GCTGTACCACCACAAC-1	-3.145782	2.3376584
lgtd17_ACTTTGTTCTCAATAG-1	0.34403488	5.4212947
lgtd17_TTTGCGACAGGAATCG-1	-0.31456837	4.9739285
tnf_post_pie_b2_1_54_CCAACATAGTAACAGG-1	10.437797	4.064913
tnf_post_pie_b2_2_55_TCCTTAGTCAAACCGT-1	2.8364408	0.36662462
ibd_pbmc_post_AGCAACAAGGGTTAGA-1	8.855901	6.3482766
tnf_post_pie_b2_1_54_CAAACCGTCTCATCAT-1	0.7312748	1.0967463
fast_pie_b1_41_GAGTGATCAATTTAGC-1	1.6427189	-1.6177368
lgtd18_GCATGAGCATCATGTG-1	4.582297	8.293325
fast_pie_b3_44_AGGCGGATCTTGTTCG-1	5.474737	4.446476
tnf_post_pie_b2_1_54_GCCAGGAAGGTCCACA-1	3.253758	6.4633675
HDad_GCAACAGCAAGCCACT-1	-0.02997658	3.1599803
tnf_post_pie_b2_1_54_GATCCGTCATGTTGGC-1	7.1796985	4.410977
fast_pie_b3_44_TTGCTTTAGCACAGCC-1	8.518503	6.490811
tnf_post_pie_b2_1_54_GCCTATTGTGCATTTC-1	9.997563	6.7557225
fast_pie_b1_40_ATATGCTCACCCACAG-1	5.797537	1.8695524
fast_pie_b1_41_CACATGCCACTCAACA-1	1.9498428	1.0706214
fast_pie_b3_44_ATTGACTCAGCAACAG-1	4.6575036	6.1289325
fast_pie_b3_44_ACTATGTCAGTACCGT-1	-2.3204896	0.5111875
fast_pie_b1_41_AAACCGAAGGCTTAGT-1	8.855106	6.49526
fast_pie_b1_40_GCTAGTGTCCAATTAG-1	-1.3915994	0.14794187
tnf_post_pie_b2_1_54_TTAAGTGTCCTCGATC-1	1.3170353	-1.941136
tnf_post_pie_b1_1_50_GGGCCTAGTCACCAAA-1	5.3087883	0.26637486
tnf_post_pie_b2_1_54_CTATGTTTCAACAAGG-1	10.322879	7.958259
fast_pie_b3_44_AAAGCCGCACCTGCCT-1	0.4180949	-1.8874261
fast_pie_b2_42_GGGTCACTCGTTAGTA-1	7.808128	6.7696557
fast_pie_b2_43_CGAAATGAGGTCAAAG-1	6.103183	2.2183452
fast_pie_b1_41_GTTTACCGTGTGCAAC-1	3.9446313	1.82812
tnf_post_pie_b1_1_50_CACGCAATCAAGGACA-1	-5.0185885	0.4656132
fast_pie_b2_42_AGCTATATCGCACACA-1	5.878976	1.4779649
ibd_pbmc_post_ACTGAAACAGACAAAC-1	-2.6432295	-0.40162447
lgtd18_TTTGCATTCCAAGTTA-1	1.1164936	8.078576
lgtd17_CGTCATTGTTATCCTA-1	6.961763	8.236925
fast_pie_b3_44_AGCCGCTAGGGCTAAA-1	4.263734	6.175367
tnf_post_pie_b2_1_54_CGTTTGGAGACTTATG-1	10.561106	8.117561
fast_pie_b1_41_TGCTCCGTCGATTATG-1	0.57881916	-1.2007859
tnf_post_pie_b1_1_50_GATTACTCACCTACGG-1	2.548206	0.7567606
lgtd18_CAACAATGTCCTTTAA-1	1.3505958	8.412121
fast_pie_b1_40_GCAATGAAGTGAGAGC-1	9.5293255	1.8396138
tnf_post_pie_b2_1_54_CATCCTCAGCCGCAGT-1	8.134441	-0.0880851
lgtd17_CTGTATTTCGCCTGTT-1	1.7491988	4.606977
ibd_pbmc_pre_GTTGCCCGTTTGCTGT-1	9.670987	1.5207419
HDa_TGTTCATTCACAAGCT-1	7.696771	3.1175168
lgtd18_CCTGGTAAGGAAGCTA-1	1.6481172	8.284355
HDa_AGAACCGCAGGACACA-1	-2.002401	1.6273239
fast_pie_b2_43_CGGCTAATCTGGTCCT-1	-2.2512984	0.0012468316
fast_pie_b3_45_TGATCACAGAGGAGTC-1	8.143081	7.9176645
fast_pie_b3_44_GGTCCGTAGCAGGTGG-1	2.7744122	-0.466649
tnf_pre_pie_b2_52_AAAGGCTCATCCAGGT-1	-3.3787127	3.1976948
fast_pie_b1_40_ATTGACTCATGTGGGA-1	4.7905135	1.2953355
lgtd18_GGTCCTGCATAGACCC-1	4.7324343	8.543443
lgtd18_AGTTTGCAGCCAAATC-1	0.043414466	8.843875
HDa_AACATAGCACTAGGTC-1	4.19562	0.96855325
tnf_post_pie_b1_2_50_CATAGACTCGTTAGTA-1	-5.4102244	0.98189926
tnf_pre_pie_b2_52_TGTGGCGGTCAATACG-1	-3.219172	4.3661633
HDa_CGCCAAATCCGCCTAT-1	-0.31268755	2.7756813
tnf_post_pie_b2_2_55_CGCTTCTAGCTATATG-1	9.23705	8.536222
fast_pie_b1_41_GTTTCAGCATTGCAGC-1	-0.5481092	1.6092532
fast_pie_b3_44_ATAACGACAACAGCCT-1	-0.18110625	0.0025372591
fast_pie_b3_44_CTTTGAGCAGTCTATG-1	6.2999043	3.715501
fast_pie_b1_41_TTTCAGTTCTCAATAG-1	5.705453	1.200557
fast_pie_b3_44_AAAGCCCGTCACGGAT-1	0.6357889	0.77171373
tnf_post_pie_b2_1_54_AACGGTAAGCACAGGG-1	8.380044	0.09694405
HDa_AGCTGCTCAGCTTAGC-1	-2.6838455	3.1928442
lgtd18_ATGAATGCAACCTAAT-1	4.8237557	8.602767
ibd_pbmc_post_TTAGCAATCATTACAG-1	1.7545352	-1.7841799
tnf_pre_pie_b2_52_CAAGGGAGTTAGTTGG-1	6.563481	4.3630347
ibd_pbmc_post_CCTTCAGGTGCAACTA-1	1.9385281	-1.0788552
ibd_pbmc_post_ACTAACCAGCAGGTGG-1	10.273621	7.8835397
tnf_post_pie_b2_2_55_CCTAAGTAGGAGGGTT-1	4.656728	7.2620063
fast_pie_b3_44_ATTTGTGAGTGAGCGG-1	2.4036298	-0.7426916
fast_pie_b2_42_CGACAAGCAGCTTAGC-1	0.31666842	-0.625891
fast_pie_b3_44_TGCTGGATCACGTTAA-1	8.670554	7.984873
lgtd17_ACACAATGTTGTTCAC-1	-2.6176157	3.896445
fast_pie_b1_40_CCAAATCAGTCTGGGC-1	-1.6753616	0.13302678
HDad_CATGGATTCCTGATGG-1	1.8954705	3.3969312
fast_pie_b2_42_TTTGTTGGTTCCATTA-1	5.2419877	2.7176976
lgtd18_GTTCCTTCACACCAAC-1	1.9651833	8.93565
tnf_post_pie_b1_1_50_TCTGGCTTCTGTTCAT-1	-2.79849	3.590343
tnf_post_pie_b2_2_55_CAGGAAGGTTCGGGAT-1	1.6231719	2.1583376
lgtd17_GTTCATTTCATAAGCC-1	-0.88569564	4.632851
fast_pie_b1_40_AAAGCTTGTCCCGGAA-1	-1.4288543	-0.13001081
fast_pie_b2_43_GTTTACCGTCTTTGAC-1	8.79793	5.408092
lgtd18_GTCCTCAGTTACCGGG-1	0.569024	8.728058
fast_pie_b2_42_CTGTTTAGTATTGTGG-1	0.26823893	-0.8691551
tnf_post_pie_b2_1_54_TCCAGGTCAATTATGC-1	-0.02723403	-0.5083427
ibd_pbmc_pre_TAGTAAGCAGTGAACG-1	-0.8669184	1.7971219
fast_pie_b3_44_CTGGTAAGTTTGGGTA-1	0.75378525	-1.1030937
tnf_post_pie_b2_1_54_GCCATTACAAACTGCC-1	5.56908	1.3751187
fast_pie_b1_40_GGCATTAGTGAAGCCT-1	0.9948325	-0.768272
fast_pie_b2_43_AACTAGTGTACCAGGT-1	1.8819371	2.9851413
ibd_pbmc_pre_TTGCTTTAGGCGAAAC-1	10.480883	6.3706
ibd_pbmc_pre_CATAGCTAGGACTTAC-1	8.970379	6.812887
ibd_pbmc_pre_GATCGAGCAAACTAAG-1	6.6030526	1.326066
tnf_pre_pie_b2_52_GGAACCTGTAGGTGTC-1	8.369432	6.9968085
HDa_CGAGCTGGTATTGGAT-1	10.814249	6.622237
HDa_AGCTTGGTCCTTGCGT-1	-0.54151374	2.5133412
HDa_CTTTGGTGTGCGCATG-1	-1.1639748	2.5959651
ibd_pbmc_pre_CTTGCAACAATGCCTA-1	4.7475452	2.2223585
fast_pie_b3_45_ACGAAGTCAGTCTAGC-1	9.487422	7.202597
ibd_pbmc_pre_AGATGCTTCATGCTAA-1	1.104867	-0.16325313
tnf_pre_pie_b2_52_TTCATTCAGTTCCTGC-1	5.153024	5.3726683
lgtd17_GATAAAGGTGAGACTC-1	0.49598327	5.661134
fast_pie_b2_43_TTTGTCCCAATTGAGA-1	9.682205	8.147542
fast_pie_b1_40_CTTTGGTGTGGATTGC-1	-2.0708203	0.27042544
HDu_AGAGAGGAGTTTGTCT-1	4.3737693	8.124007
lgtd18_GTCCAGGGTGTGTCCC-1	4.359085	8.17174
tnf_post_pie_b2_1_54_TCAGCAAGTAAGCTCA-1	8.735596	8.008287
fast_pie_b3_44_ATGAGCCGTCAAAGAA-1	6.0081367	2.0918756
tnf_pre_pie_b2_52_ATAACGACATTGCGAC-1	0.9168468	3.2191374
fast_pie_b1_41_GATTCAATCTGTTCAT-1	-2.1041806	-0.002136864
fast_pie_b3_44_CTTCAAGCATCGCTTT-1	-1.6090584	0.579536
fast_pie_b2_42_AGCTAGTTCAGGAACA-1	-0.96285987	0.13279092
fast_pie_b3_45_TCACGGATCACTAATG-1	1.8793881	1.6490085
fast_pie_b1_41_TACTAAGTCCCGCCTA-1	1.4464579	-0.20779262
ibd_pbmc_pre_CGCTCCATCCCATAAA-1	9.113646	6.6480827
lgtd17_CCAACATAGCTCAATA-1	1.1101854	5.5040264
fast_pie_b2_42_TTTAGCAAGGAACGGT-1	4.1248636	2.3607414
tnf_post_pie_b2_1_54_GACTAATGTTACAAAC-1	9.911588	1.1560199
ibd_pbmc_pre_CGTGCACAGACAAACG-1	-0.7919182	2.995832
fast_pie_b1_41_CTAATCTTCTTAGCCC-1	0.92409074	0.2455833
tnf_post_pie_b2_1_54_AAGTTACGTGTCCTGC-1	-2.170828	3.3294985
fast_pie_b2_42_CATAGGTTCAGCCAAT-1	9.062223	5.3033686
fast_pie_b2_43_CTACTTAGTTACGCGG-1	-1.070871	-1.2138438
tnf_post_pie_b2_1_54_GATCGCTCATGGCCCA-1	9.891424	8.342243
lgtd18_GAGTGTTTCTAATCTC-1	1.7317022	7.687426
ibd_pbmc_pre_ATTGGTTCATCACTTC-1	3.051099	0.55785066
fast_pie_b1_40_TTACAGCAGGCGCTTA-1	-0.16245532	-0.28070033
fast_pie_b1_41_CGTGCTTTCAAGGACA-1	-0.8772698	0.43466163
HDa_CTTACTAGTCCTAATC-1	-2.335832	2.4272501
lgtd18_GGATTGCGTTTACCGT-1	1.346181	7.534869
HDad_AGGCTAGCAGCAAATA-1	2.1356826	3.1517
lgtd17_AGTTATGTCATGGTTA-1	7.682217	1.6173213
lgtd17_CTACAACAGCGCAATT-1	0.7793251	4.6204424
tnf_pre_pie_b2_52_TAGGCTGTCATGTCAA-1	4.654891	0.80599767
fast_pie_b1_41_TGGGCCTAGTTATTCC-1	10.02688	6.5952954
fast_pie_b2_43_AGAAGGTGTAGCTAAT-1	8.9685955	7.088244
fast_pie_b1_41_TCTAACCGTTAACGAT-1	-3.9921799	0.9491011
fast_pie_b1_41_CAATGACTCCACAATA-1	8.960632	5.7603235
fast_pie_b1_40_TTAGGCTAGAATCGCT-1	2.0140204	-0.94702095
HDj_AGCTTAATCTTAGTGA-1	1.1498648	2.9087093
ibd_pbmc_post_ATTAGCGGTTCGGTAA-1	0.61676824	1.6746598
HDj_CTGTGTGAGTTGGCCA-1	-2.8965042	4.018078
tnf_pre_pie_b2_52_TTCCCACAGCTGGCTA-1	8.273441	7.105245
lgtd17_TGGGCATGTGATTTGG-1	-2.6338413	4.1999083
lgtd18_ATCAAGCTCGTACCGA-1	2.5201116	8.435048
tnf_post_pie_b2_2_55_GTTCATTTCTTGTCTG-1	5.0015187	4.9166245
tnf_pre_pie_b2_52_TGGCTATAGCTGGACC-1	8.486486	8.761485
fast_pie_b2_42_CTAGTGAGTGAGAAAC-1	0.32898027	2.8804448
lgtd18_ACTCAGTAGTGCACGC-1	1.0430359	7.948853
fast_pie_b3_44_ACTAGGCGTAGACAAA-1	8.739014	7.701287
lgtd17_CCATAGCCAATTAGCT-1	8.061861	8.06693
lgtd17_TGTAAAGCAACACTTG-1	6.391706	8.311504
tnf_pre_pie_b2_52_ATCACTAAGTTAGTTG-1	5.8287673	0.55579704
tnf_post_pie_b2_1_54_TTAGTCAAGCTATTGA-1	4.7595887	5.481878
lgtd17_GTACAATGTGTTTGCT-1	1.3893647	4.8481064
ibd_pbmc_post_GAGGTTAAGGACCTTG-1	9.634778	7.3192472
ibd_pbmc_pre_TTGATGTCAAGGTATA-1	3.069922	0.8765062
fast_pie_b1_40_GTGCTCCGTCAAGTGC-1	0.8043093	0.731087
lgtd18_TCTATGTTCGTTCACC-1	2.108874	8.404493
tnf_pre_pie_b2_52_TGTGTTAAGTGCACGC-1	10.835702	7.043497
lgtd18_TTTAGCAAGTAATCCA-1	1.486398	8.344924
fast_pie_b3_44_AGTTGGCGTAAATTGC-1	-2.0123684	0.41791418
lgtd18_CTAGGACGTCCTTTAA-1	1.3229822	9.095333
fast_pie_b1_40_CCGCAAGGTCCTTAGT-1	2.028373	0.27590084
fast_pie_b1_41_AAGCGTTTCCCTCACG-1	0.7587479	-2.244181
ibd_pbmc_post_ACTTATCTCACAGCCA-1	7.655439	3.4158342
tnf_post_pie_b1_1_50_GTTGTTGCACCTACTT-1	9.3467865	6.1725736
tnf_post_pie_b2_1_54_CTTGTTCCAGGAAGCC-1	-4.67114	0.23560525
fast_pie_b1_41_GTCGAAGCAGGACCAA-1	-1.1039253	-0.47435758
fast_pie_b3_44_AAACAGCCAACCCTAA-1	-0.6564084	0.08520342
tnf_post_pie_b2_1_54_TGTCATAAGCGCCTAA-1	9.58076	7.3024487
fast_pie_b2_43_GTGTTACAGACACTTA-1	4.6908126	6.9858155
fast_pie_b3_44_GAGTTGCGTAACGAGG-1	-5.52883	1.2275074
fast_pie_b3_44_GCTTGACCAATGCGCT-1	-0.9171462	2.0573752
tnf_pre_pie_b2_52_CCTTTAGTCATTTGTC-1	10.414653	3.786615
tnf_post_pie_b1_2_50_ATTAGCTCATGTTTGG-1	0.7895806	4.994931
tnf_pre_pie_b2_52_TCTCGCCCATGAGTTT-1	-0.23830299	-0.8102922
tnf_post_pie_b2_1_54_TTGCAGCCAACCCTCC-1	7.4424825	3.9400487
tnf_post_pie_b2_1_54_CCCTCATAGGGATGAC-1	4.386548	6.57473
tnf_pre_pie_b2_52_TTGACGTAGACAAAGT-1	-0.69216293	-1.8482207
lgtd17_ATGTCATCACACCAAC-1	7.072263	8.160145
fast_pie_b2_42_GGTACTAGTTGTGACA-1	2.4305716	1.0728769
fast_pie_b3_44_GCGATTAGTTATCGAG-1	-1.2484502	2.5550673
fast_pie_b1_40_ATCCGTGAGCACAGGG-1	8.511654	6.4515843
tnf_post_pie_b1_1_50_ACGAAGTCAGCGCTTG-1	4.7262707	7.0604753
fast_pie_b2_43_GATTGCAGTAGGATCC-1	-3.4984033	2.7072332
fast_pie_b2_43_CATCATGCAATAGCCC-1	8.787245	6.760664
tnf_post_pie_b2_1_54_CGTGTTACACATAACT-1	-2.5644224	1.6496769
tnf_pre_pie_b2_52_ACAGCCGGTAACGGGA-1	3.2805634	2.5440624
lgtd18_GCTATAGGTACGCGCA-1	1.9365443	8.9459505
lgtd18_GGAGCGATCTTCAATC-1	4.8357077	8.614688
fast_pie_b3_44_CCGTTATGTCAACAAT-1	0.020534804	1.1944456
fast_pie_b3_45_GTATTGCAGGGACTAA-1	9.603815	6.428213
fast_pie_b2_43_AGTAACACAATACTGT-1	10.4758215	6.4769177
fast_pie_b1_40_AGGATGTCAGGGAGCT-1	0.6692452	-0.14920002
ibd_pbmc_post_GTCTATCGTATGGTGC-1	1.7717109	2.015444
HDu_TAGCTAGGTCATTGTC-1	2.7483945	6.9758506
fast_pie_b2_42_GGTAATTGTTTCGCGC-1	10.299047	7.5641894
fast_pie_b1_41_TACTTGTTCCGGTTAG-1	8.667303	0.8333348
HDv_CTTGCGCGTGGACATC-1	0.19877174	3.4277475
fast_pie_b3_44_GCTGGATGTAATCGTG-1	-5.385443	0.8817263
tnf_pre_pie_b2_52_TCTAAGGGTGTTTCAC-1	2.7697737	2.050743
tnf_post_pie_b2_2_55_GATTCATCACAGGATG-1	8.455354	8.570022
lgtd17_GCACCTAAGCAGGCCT-1	1.1100214	5.5266128
lgtd17_CATAGGCGTATTCGCT-1	7.585894	8.306363
tnf_pre_pie_b2_52_TTGGCTTGTTTGACCT-1	9.476799	7.0399923
HDa_GTTCTTAGTATTTGGG-1	10.67326	5.756831
HDad_AGCATCCCACGAATCC-1	0.53725564	3.0998893
lgtd18_CGCTCAGCAACAACAA-1	1.1405526	9.049238
tnf_post_pie_b2_1_54_CGAAGTAAGTCTTGAA-1	-2.1712291	3.0469317
lgtd18_GGTACCGGTCCCGAAG-1	1.2778796	8.843344
fast_pie_b3_44_GGTCTTTGTCTCACTG-1	-0.44486693	-0.44559255
tnf_post_pie_b2_2_55_CAGCAAGCAAGGCCAA-1	2.081831	-1.5258411
fast_pie_b3_44_AGCCTGGGTCCTAAGA-1	-1.2555562	-0.34189996
lgtd18_TGATTGCAGCTGAGGG-1	0.8032926	9.1928005
tnf_post_pie_b2_2_55_GCCTTAGAGTAGCGCC-1	8.1407585	7.701421
tnf_pre_pie_b2_52_CATTTGTTCAATAGCC-1	-1.5567201	2.9323304
lgtd17_GTCGGTTCACTGACTA-1	1.7882053	5.8002305
fast_pie_b1_40_TCTAACCGTAGTTGGC-1	-0.38038763	-0.7361212
HDad_TGATTCAAGGGTGAGT-1	1.7843564	3.5294683
fast_pie_b1_41_GTCATGCCAGGCTACT-1	9.1136675	7.3838844
tnf_post_pie_b1_1_50_GTTAACGGTGAGCGAA-1	6.7269273	4.5712166
HDa_GCCAACATCCATCAGG-1	-0.06376147	2.6398182
tnf_post_pie_b2_2_55_TCTGTGACAAGGTACG-1	7.2634506	4.1748796
fast_pie_b1_40_CTGGTTACACGGTTTA-1	8.419835	0.35778037
HDad_TTTGGTAAGCGATACT-1	-2.7103813	4.154644
tnf_pre_pie_b2_52_TTCCCGCCATCCAGGT-1	-3.286338	4.120289
fast_pie_b2_43_GGGCATTGTCAAGTAT-1	2.1194987	-0.8129853
tnf_post_pie_b2_1_54_CCGCTAGCACATTAAC-1	5.3280554	1.3023105
lgtd17_CTCCCTGAGGTTTGAC-1	0.15742712	5.0485425
HDa_TGAAGGATCATTGTCT-1	-2.3408048	2.2983346
tnf_pre_pie_b2_52_CATAACGGTCCTTCAG-1	8.891611	6.0073004
tnf_pre_pie_b2_52_GCCTGACAGTATTGCA-1	2.2870893	2.1967592
fast_pie_b2_42_TCGCGAGGTGGATGTC-1	5.6153164	1.2127548
fast_pie_b3_44_TCTTCAAGTCTCACTG-1	9.98971	8.0257435
fast_pie_b3_44_CCTCAAACAGTCTATG-1	-1.6645002	0.37217078
HDad_CTAAGGTTCTGGCAAT-1	0.502711	3.7459285
lgtd17_GCAGGTGAGCATTTCT-1	1.8484513	5.211544
fast_pie_b1_40_CCAAACCCATAAGTTC-1	-1.0205619	-0.042649657
fast_pie_b2_42_CGTGTTACAAACCTAT-1	1.9168439	1.6002364
fast_pie_b2_42_GCTTACCTCGAAGTAG-1	5.871436	7.482525
fast_pie_b2_42_GGATTGCGTCGTAATG-1	3.0334966	2.9569736
lgtd18_TTAGGCTAGAAGGTGC-1	2.533801	8.724151
tnf_post_pie_b2_1_54_GGTCCGTAGTCGCTAG-1	0.38201234	1.0284111
lgtd17_TCTAACTTCATGCTAA-1	7.806844	8.027341
fast_pie_b3_45_TTTAGGATCGTGCTAG-1	8.209063	6.309357
ibd_pbmc_pre_GTTTCCTCAGGCTAAG-1	8.996679	8.122108
fast_pie_b3_45_AATTCGTCACAAAGGT-1	9.6964245	1.3273455
HDa_ATCCCGCGTGACATGC-1	8.218152	4.3648195
fast_pie_b1_40_TGCACCTTCCCAGTAG-1	5.1299353	0.9789118
fast_pie_b3_44_CCCAATTGTGTTTGAG-1	5.014729	0.38165185
lgtd18_ACGGTTAGTCACGGAT-1	0.46925455	8.72856
ibd_pbmc_post_CAATGCCCATAAGGAC-1	0.90977436	1.7173598
HDad_AACCTCACACTTGTTC-1	-2.2544878	3.9656956
lgtd17_AGCTTGGTCTTGCAGG-1	6.665421	8.132511
fast_pie_b3_45_TTTACGAAGCTGGCTA-1	-1.1535774	-1.8776267
lgtd17_GGACTAAAGGCGCTTA-1	1.6471786	5.328223
lgtd17_ATCACCCTCTCCATGC-1	0.25329036	4.5482607
HDad_CGCAATCCAAGACTCC-1	8.764745	1.7743357
fast_pie_b1_40_ATTCATGAGCGGCTGT-1	2.1444576	2.0949693
tnf_post_pie_b2_1_54_GCCTCGACAGTGAACG-1	5.2233796	6.5441694
fast_pie_b3_44_AACCGGCTCTCCTCAA-1	1.6529782	-1.4378885
fast_pie_b2_42_TCGTTACGTTCGCTTG-1	6.886593	3.922805
lgtd18_AGTTGCAGTCTAACCT-1	0.30052644	8.7673435
HDu_GATGCTTAGTATGTGC-1	2.1500692	6.8230467
fast_pie_b2_42_ATGTTTGAGATAGACG-1	8.084129	-0.39480335
lgtd18_GTCATCACAGGCGAGT-1	2.0097528	8.928021
ibd_pbmc_post_GAGGGAGCAGCATGTC-1	8.9580765	6.6804113
fast_pie_b1_40_TAAGCCTAGGCGCTTA-1	-1.2906836	0.779034
fast_pie_b1_41_AGCCTAAGTTACCTGT-1	5.4262357	0.77512264
tnf_post_pie_b2_1_54_CTACCTCAGGGTTATC-1	-2.8826177	-0.030372132
tnf_post_pie_b2_2_55_TAGTGGCGTCGCGCAA-1	1.6490988	2.2272513
fast_pie_b1_41_CGGAATCGTGAGCACT-1	8.3024	6.5441704
fast_pie_b3_44_GACTAATGTTGAGGTC-1	9.023831	7.141528
tnf_post_pie_b2_1_54_AGCAACAAGTTAGTTG-1	4.781559	7.315371
fast_pie_b1_40_CTCACACTCCTTAGTT-1	4.961818	1.2019083
fast_pie_b3_44_TAGGAGGGTACCTTAC-1	1.795596	1.4060941
ibd_pbmc_post_ATTCATGAGTTTGAGC-1	-5.0148864	0.39799687
lgtd17_AAGCCTTAGCATGTTA-1	-1.9364009	4.3749266
ibd_pbmc_post_TTATGACCACTTCATC-1	1.4453695	0.3849257
fast_pie_b1_40_TTAGCTGCAATCGCAC-1	-1.0298975	-0.5150927
lgtd17_TAGCCTGAGCAAGATG-1	0.5868031	5.268906
lgtd18_GACTTACAGTCATTAG-1	1.3545183	8.224467
fast_pie_b1_40_GAAGGCCCATTGTGAT-1	4.3130755	1.5713233
fast_pie_b2_42_ACTTGTAAGGTAGCTT-1	5.528789	1.3763317
HDa_GGAAGTATCATAACGC-1	-0.031911597	2.47865
tnf_post_pie_b2_1_54_TATCGCGAGTGTGATC-1	2.1903942	4.1058245
tnf_post_pie_b2_1_54_TACTGGCCAGCATGTC-1	-2.350389	0.68393457
tnf_post_pie_b2_1_54_TTACGTTTCCCGCCTA-1	1.9322501	-0.44140884
fast_pie_b1_41_TTGAGCTAGCTGAGGG-1	-0.21238165	2.454957
tnf_post_pie_b2_1_54_ATCAAGCTCTCATCAT-1	-0.59911186	-0.6202961
fast_pie_b2_42_TTCCCGCCAAGATTCT-1	11.153554	7.5353217
lgtd18_GCACTAAGTGGTGAGA-1	1.9444702	8.704272
HDad_GGAACCACAGTTATGT-1	3.6028862	3.0147886
lgtd17_CGCACACAGCGATAAG-1	-0.32067245	4.9003096
fast_pie_b2_42_CCGCAAATCCAGGAAA-1	-0.19429502	2.9467924
HDa_GGATACTTCCTCCATA-1	-2.8097403	2.3225017
tnf_pre_pie_b2_52_GATAATCGTAGTTGGC-1	4.9939804	6.6564026
lgtd18_ATCCGTGAGAACCTAC-1	4.8246064	8.648953
fast_pie_b3_44_ACATCATCAAACGGGC-1	8.129075	6.5515466
HDad_TCATGCCTCTTGAGCG-1	-1.6275387	4.0793004
fast_pie_b1_41_AATCCGTAGGGCTTAT-1	8.752789	7.0601187
fast_pie_b2_43_GTTCGCTTCACTAATG-1	6.7809553	1.6925665
lgtd17_TTGGATATCGAGGAAC-1	-0.90654373	4.777296
tnf_post_pie_b2_2_55_GTAGGAGGTTGTCCAT-1	9.427391	8.042483
fast_pie_b3_44_GATTGGTTCAGCATTA-1	-5.194227	0.3898567
tnf_post_pie_b2_2_55_CATCCTCAGAATCTCA-1	4.7334857	6.2475777
fast_pie_b2_42_GCCTGCTGTGGATTCA-1	8.102353	0.06453053
lgtd18_AAAGGTTAGATACTTG-1	1.2351159	9.222786
HDa_AATCCCTGTCCTCCAA-1	11.3207445	8.798614
tnf_post_pie_b2_1_54_CCTAATCGTAGGTTGC-1	4.9441185	6.2961574
tnf_post_pie_b2_2_55_GTAGGCGAGTCATTTC-1	8.448802	8.9644
lgtd18_ATTGCAGGTTTGGCGG-1	1.217432	8.757151
tnf_post_pie_b1_1_50_CGTTAACAGCACGATT-1	9.227754	6.7109904
ibd_pbmc_post_CAGAATCTCATGCAAC-1	0.15921663	0.33718976
tnf_post_pie_b1_1_50_ATTCAACCAATAGTCT-1	0.8467944	0.3196636
lgtd18_AGACCCGGTATTGTCC-1	1.3531622	7.7147183
fast_pie_b2_43_GGATACTTCAATGTCA-1	0.0358998	-1.4673468
HDa_CCAGCCTGTAAATTGC-1	11.311476	8.862995
fast_pie_b1_41_AATCCATCAGGCTAAG-1	1.4666537	0.41265425
fast_pie_b1_41_TTTAGCAAGGGATGAC-1	5.395702	2.4322996
HDad_GGTCCTGCATGTTGTG-1	8.125935	1.3971591
tnf_post_pie_b1_1_50_CAATAGCTCCGGAACC-1	4.4135785	2.2643254
lgtd18_TCAGTAATCGTCATTT-1	3.9332254	7.1894617
tnf_post_pie_b2_1_54_CGTGGTTCATTGACAT-1	1.0156698	0.8803769
tnf_post_pie_b1_2_50_CTGGATGTCGATAACC-1	0.7515251	5.5115347
ibd_pbmc_pre_GCACTAAGTGGATTAT-1	-0.58515316	1.8009161
lgtd17_AAAGCACCATGAATCT-1	-0.42333323	4.7947426
fast_pie_b3_44_TCTTGACGTGTTTGCT-1	5.4893503	1.0754039
tnf_pre_pie_b2_52_GTTAAGTGTTGTTGTC-1	7.831849	7.117458
fast_pie_b2_43_AATCCATCATCCTGAA-1	-1.8734356	2.5309813
fast_pie_b2_43_TCCATCATCAGCAAGA-1	7.6164894	3.1565592
fast_pie_b1_40_ACCAAACTCGGGATTT-1	5.1311517	1.8708651
fast_pie_b1_40_GTTCATTTCCTAGTCC-1	-5.3531947	0.11007012
tnf_post_pie_b2_1_54_AACATCATCAATGAGG-1	7.735997	8.151457
tnf_pre_pie_b2_52_ACTAGGCGTATACTGG-1	7.4191694	7.0967627
lgtd18_AACGACAAGGTCGATT-1	1.6042364	8.671334
lgtd17_CCACACAAGACTTATG-1	-0.17001663	4.976084
lgtd18_GCAGGTTGTACCGGAT-1	1.3141694	7.5221124
fast_pie_b2_42_AATTGCCAGGCTATGT-1	2.649366	-1.2827405
lgtd17_GGGTCACTCCGGTATG-1	1.8040383	4.0341687
fast_pie_b2_42_GAGCTAGCAAACCCTA-1	2.7178228	1.6159031
fast_pie_b1_40_AAGCCTGTCCACCCTG-1	-0.06408801	-0.9539289
lgtd17_AAGGCCCTCCAATAGC-1	6.734179	8.860318
fast_pie_b2_42_TTCCACGGTGCGCATG-1	-1.043127	-0.3949952
fast_pie_b1_40_CCTTGCGTCTCGCCTG-1	0.9656135	0.32606062
fast_pie_b2_42_TGTATCCGTTAGCGTA-1	8.440723	5.6304994
fast_pie_b3_44_ATATGTCCACCTCACC-1	0.6462992	-1.178953
fast_pie_b3_44_CTAGGCGGTAACCACA-1	9.747992	7.7506814
ibd_pbmc_post_TAATGCATCACCTGTC-1	10.210035	6.1616497
fast_pie_b3_44_ACTTTGTTCGATTTAG-1	4.756698	6.511441
lgtd17_GCAGGCAAGCATGGTT-1	1.0040365	3.1469467
fast_pie_b3_44_CGCATTTGTTTACGTC-1	10.202936	7.3535542
fast_pie_b1_40_ATATAGGCAGTAAAGC-1	-0.1477135	-0.67087895
lgtd17_GCATGAGCACTAAGCC-1	-0.12651181	5.2532144
fast_pie_b3_44_TGGACAAAGCAGGCCT-1	7.519433	3.7439666
fast_pie_b1_40_TCATACTTCTAGCGAT-1	4.6671863	1.0785912
fast_pie_b3_45_ATAACGACAACAACAA-1	-1.9495434	3.304558
lgtd18_CAAGAACCATCGCTTT-1	1.1520981	8.410447
fast_pie_b2_43_AGGATTGAGACTATTG-1	9.150282	6.6500134
ibd_pbmc_pre_CGTGGTTCATTCCTGT-1	9.064796	8.300642
fast_pie_b2_42_TAGGCTAGTTGTTGTC-1	1.8743818	2.1287608
tnf_post_pie_b2_1_54_TCAGGAGCACTTGTTC-1	-2.156889	3.3749828
HDad_CTACTAAAGGTGCGGA-1	-1.6512656	4.084485
HDa_GGCCATCAGGCCTAAT-1	4.4118567	0.930248
fast_pie_b1_41_AGCACAGCAGGTTACC-1	10.617326	8.004004
fast_pie_b3_44_GAAGGATGTACTTAGG-1	-0.03592555	-1.9178854
HDa_GCTATCCTCTAAGGAG-1	4.1850796	0.81249344
lgtd18_GCTGGTTCAGGTTACC-1	2.566619	8.179437
ibd_pbmc_pre_GGTTGCATCATGCTCC-1	1.5098917	-1.0058875
ibd_pbmc_pre_TGTGGCTCATTGCAGC-1	11.07168	7.6771297
tnf_post_pie_b2_1_54_TACTCAAAGCTCATAA-1	4.1168137	6.077501
tnf_post_pie_b2_1_54_TCGCTAACATAATTGC-1	9.467843	7.116569
lgtd17_TTCCCACAGCAACATC-1	0.8156603	4.5889444
fast_pie_b2_42_TTCCCGCCACAATGCC-1	0.17772835	0.17579037
fast_pie_b3_44_GGCCTTCGTCCTTCTC-1	10.788017	7.2451515
fast_pie_b1_41_ATCGCTTGTTAAGCTG-1	1.7600949	0.77144593
lgtd18_ACGGTTAGTATTGGTG-1	4.52142	8.562649
fast_pie_b1_41_GAAGGAACAATTGACT-1	1.4225527	0.75691634
ibd_ilc_post_GAAGTAAGTTAGGTTG-1	7.388367	2.8645318
tnf_post_pie_b2_2_55_GAAGTCAAGGGATGAC-1	4.6413865	6.9413853
tnf_pre_pie_b2_52_TCCGGAATCCGCCTAT-1	9.243638	8.636053
fast_pie_b3_45_ACCAGGACAAAGCGCA-1	7.5420313	8.234548
tnf_pre_pie_b2_52_GCGTAACGTTACCTGT-1	3.982389	2.3605433
lgtd17_GGCTAGACATTTGCTC-1	0.27992845	5.0023093
HDv_CAGCTCAAGCTTACTT-1	1.6409053	2.8482006
tnf_pre_pie_b2_52_GATTCAATCAACAAGG-1	6.842425	3.3148246
fast_pie_b1_40_CTCCTGAGTAGCCTCC-1	9.319174	6.9268265
fast_pie_b2_42_GTTGCGGGTGAAACAA-1	0.10915978	5.3528833
tnf_post_pie_b2_2_55_CTATTCAGTGGAAACG-1	10.080654	5.8652368
tnf_post_pie_b1_2_50_GGGATTAAGTGCTGTG-1	-3.636913	3.7971077
lgtd17_CGCTTGCGTGGATGTC-1	6.3638353	8.289793
fast_pie_b3_45_GGTGATTTCACTTTAC-1	6.1970015	1.026871
fast_pie_b3_44_CCCAGTTTCCTGTTCA-1	7.17592	8.0919895
fast_pie_b2_43_CTAACCACAACCTAAT-1	7.474841	3.6252716
HDv_AGTAACACAGGTTATT-1	-0.62654	0.7569074
tnf_post_pie_b2_1_54_CCTGTTGGTGGTTCCC-1	10.42102	8.261235
fast_pie_b2_42_AAGGATCCAGCCGCTA-1	3.064746	-1.0571176
tnf_post_pie_b1_2_50_ACACGGACAAGCTAAA-1	9.270755	9.0419235
lgtd17_CAAACTGGTGTTTCAC-1	2.0794573	4.168613
HDad_TAGGAACCATGTCGCG-1	1.9635715	5.0002303
fast_pie_b3_45_TAGCTAGGTCCTAGTT-1	-0.07736258	-0.025910655
tnf_post_pie_b2_1_54_AAGTTACGTGACATAT-1	1.0428053	-1.5827898
fast_pie_b2_42_GCCCAAATCCGCCTCA-1	7.986352	7.784055
tnf_post_pie_b2_1_54_ACAGCCGGTGATGAGG-1	0.050571427	0.05682019
tnf_pre_pie_b2_52_GCTTAGTAGTGAGGTA-1	8.2806225	8.955257
fast_pie_b2_42_AAGTTAGCAAGGTGGC-1	-1.1793472	1.3375419
lgtd17_CAGCCTAAGGAGGTTA-1	2.7084816	7.680417
fast_pie_b1_40_ACCCAGGGTGTCCAAA-1	0.67245424	1.8772129
fast_pie_b2_42_GGTCAATTCCTAATTC-1	10.735441	7.1308727
fast_pie_b3_44_ATCCTCATCTTAGGGT-1	-0.98866004	1.263326
fast_pie_b3_45_GGCTAGTGTCATCAAG-1	-0.3195613	-1.9387975
fast_pie_b1_40_CGAAATGAGTCATTGA-1	0.5651115	0.9800552
tnf_pre_pie_b2_52_GATTGCAGTTAACAGT-1	-0.5527113	3.6953192
HDad_TGATCCTGTTGTTGGA-1	1.368051	3.784195
tnf_post_pie_b1_1_50_TCAGTGAGTTAGCAGC-1	8.792168	1.6463928
fast_pie_b1_40_TCTCAATTCTCCTCTT-1	9.518728	6.1536045
tnf_post_pie_b1_1_50_ATTGTCCGTCATAACG-1	2.3249488	1.5321362
fast_pie_b1_40_TTGTGCGAGGAGCACG-1	8.869443	7.6629343
fast_pie_b2_42_CATAATCCAAGGTACG-1	1.1065134	1.5799108
ibd_pbmc_post_AATTGTGTCATTATGG-1	1.2716483	0.6043165
fast_pie_b2_42_TCGGTTTGTAACGTGC-1	-0.08786115	1.7205379
lgtd18_GAGTGATCATCAATCG-1	0.90996194	9.07232
fast_pie_b1_40_ACCCTGTTCTCGCCCA-1	5.6855197	1.9730163
fast_pie_b3_45_CCTATTGTCTGGCTTC-1	-0.409116	-0.85472035
lgtd17_TGACTCCTCTTTGTAC-1	0.73006046	4.7168236
tnf_post_pie_b2_2_55_GAAGGAACATCAGTAT-1	7.2601056	4.1718907
tnf_post_pie_b1_2_50_GATTGTTCACCATATG-1	-3.9207022	2.8212667
tnf_post_pie_b2_1_54_ATGACCAGTCCTTCAG-1	4.5041924	6.301347
fast_pie_b2_42_ATTTGCGCAAATGCCC-1	9.568721	6.321106
HDa_CCATAAGGTTAACACG-1	10.360024	3.6310823
fast_pie_b3_45_GGTACCGGTGATCAGC-1	5.425664	6.397111
lgtd18_AACCTAATCCTAAATG-1	0.9427132	8.4707775
fast_pie_b3_44_ATCGAGGCAGAGGGAG-1	2.418895	0.6302424
fast_pie_b3_45_GATAGACCACCAAAGG-1	0.29910955	-0.1306976
lgtd17_TATCACAAGATTGAGG-1	6.5649695	5.4544077
tnf_pre_pie_b2_52_CTTTGAGCATCACTTC-1	2.853948	2.4902682
fast_pie_b3_44_GTTTCCTCAGCCTAAC-1	1.6188316	-1.612893
tnf_post_pie_b1_2_50_ACTCGCGCAGACAAAC-1	-2.2695603	3.1470833
HDa_TATTCGTTCCTTCGTA-1	11.708803	8.015353
lgtd17_CAGTACCCAAGGTGGC-1	2.1847491	4.9648876
HDj_TTTCTTGCAGTACCGT-1	10.268026	3.6392822
tnf_post_pie_b2_1_54_AGTCAAGAGGTCCTAG-1	3.1674693	6.2482886
fast_pie_b1_40_AAGCGAGGTTTATGGG-1	0.3712806	-1.9445332
tnf_pre_pie_b2_52_ACCAAGTTCCTAATTC-1	7.5759144	3.37806
tnf_post_pie_b2_1_54_ACCTAAATCCCGTTTA-1	9.9796915	7.753925
tnf_post_pie_b2_1_54_CCAGACTCAGTTTACG-1	-0.00091130345	0.27726474
lgtd17_GGTAATTGTATCTGGA-1	6.8595214	8.343816
tnf_post_pie_b2_1_54_CTCCGGACAAGGCCAA-1	0.020447517	1.5598036
HDad_AATTTCCTCGTAACGT-1	1.6441768	3.783629
fast_pie_b1_40_TAGTTTGAGTGTGATC-1	-0.6582481	0.8962273
tnf_pre_pie_b2_52_TCGTTAGCACTCAACA-1	7.8133726	6.9229455
fast_pie_b3_44_ACTCGCGCAATTAGCT-1	9.649654	1.8283545
fast_pie_b2_42_CGCTTGCGTTTCCACG-1	7.5429864	7.22862
tnf_post_pie_b1_1_50_GCTTCGCGTCGACTAA-1	6.175784	9.019595
tnf_post_pie_b1_2_50_GGTATTGGTTATCCGT-1	10.089371	7.2794147
lgtd18_AATGCATGTTGCAGTA-1	1.3297089	8.653999
tnf_pre_pie_b2_52_CATCACACACGGTACT-1	-3.4238958	4.1139984
tnf_post_pie_b2_2_55_TGAAGTGAGTAACTCA-1	4.6809335	1.309157
fast_pie_b3_45_CGGCCATAGTTTGCGG-1	0.35128435	1.8268361
fast_pie_b3_44_GGTGCTGGTACCGAAC-1	0.5621537	4.1270213
tnf_pre_pie_b2_52_ACAGGATCAACCGCCA-1	10.271201	6.5101843
tnf_post_pie_b1_1_50_CAAGGGAGTCCTTCAG-1	4.6210117	2.6183789
lgtd17_CGGTTTCTCTCACATT-1	6.8539805	8.112093
lgtd17_ATTATGGTCCCTGGTT-1	1.5061332	3.9311914
lgtd18_GAACCAAAGCTAAGTC-1	0.59169877	8.611407
fast_pie_b2_43_TCAAACCAGGCATGAA-1	9.047185	6.7534437
tnf_pre_pie_b2_52_CTTATGTTCAGAAACG-1	-0.7008216	2.126809
ibd_pbmc_post_TAAAGCCTCGGTTAGT-1	9.135341	6.3324337
tnf_post_pie_b2_1_54_CTCTGTTCAGCATGTC-1	10.413986	6.698606
lgtd17_ACCAGGACACGAACAG-1	-0.8736396	4.845197
tnf_post_pie_b2_1_54_AGCTACTAGCTTTGGG-1	-4.107783	0.27442342
tnf_post_pie_b2_1_54_CGGTTTCTCGCATTAA-1	4.6070457	6.041353
ibd_pbmc_pre_GTAGGTGCAAATGCCC-1	6.1819153	2.1802545
ibd_pbmc_pre_GTAGTTTCAGCAAGTG-1	9.307876	7.8197346
fast_pie_b1_40_CGTTGCAAGGCGAATA-1	-1.1668408	0.19802916
HDa_TACCTGCTCAATCTAG-1	11.482574	8.6286335
fast_pie_b2_42_GTTTCTAGTTTCCGGC-1	10.114673	4.146595
fast_pie_b1_40_ATCATGTCATTAGCGC-1	1.1608335	0.06579627
fast_pie_b2_42_TCAAGGAAGCATGACT-1	6.8452835	7.5368543
tnf_pre_pie_b2_52_GAGTTACTCTCTAGCC-1	9.159389	8.569105
fast_pie_b1_41_GTGCTCCGTAAGCTTG-1	0.8252517	-0.10341031
tnf_pre_pie_b2_52_AAACCGGCAAACTGCC-1	-1.581102	3.858721
fast_pie_b2_43_GTTCGCTTCCTGTTCA-1	-0.57730585	1.1078844
lgtd17_TTTGCGGAGGCCTTAG-1	0.47870493	5.5454373
HDa_TCAGGTCCACTTAACG-1	-1.7715927	2.1081622
tnf_pre_pie_b2_52_CTTCAGGAGGTGCGGA-1	8.335242	7.0170116
fast_pie_b2_42_CCAAACTAGACAAAGT-1	2.8042338	1.381575
fast_pie_b2_43_ACCCGTAAGTTCCTGC-1	0.27087554	-1.4095848
fast_pie_b3_44_ATAAGTCGTAAGGTTT-1	6.2134967	8.75933
tnf_pre_pie_b2_52_TAAGTGCTCCTGCGAA-1	-4.856906	2.2743254
tnf_post_pie_b2_1_54_GCAGGATAGAGGATAT-1	4.8599877	0.31957573
HDad_CAGTATGGTGCTTACT-1	-3.339218	3.549159
ibd_pbmc_post_CTATGTTTCGACAAAG-1	-0.5046211	-1.8110383
fast_pie_b2_43_GTCTATCGTTAACGGC-1	2.8378842	0.088414244
lgtd18_TAGGAACCACATAGCC-1	1.1565264	9.003134
tnf_post_pie_b2_2_55_TTGTCCCAGCACAGAA-1	9.9679365	4.412562
lgtd17_GCGAAGTAGCTTCCCG-1	0.8535274	4.7246494
tnf_post_pie_b2_1_54_ACGAACAAGGACGTAA-1	-4.013618	1.2628981
tnf_post_pie_b2_1_54_GCCCAAATCATGAGCT-1	9.461886	8.381887
fast_pie_b1_41_TACGTAATCCTCATCA-1	-2.4566262	0.20862739
tnf_pre_pie_b2_52_AGTTTGCAGCACAGCC-1	10.09985	4.217215
tnf_post_pie_b2_1_54_CCAGCCTGTCCGGTTC-1	7.6249223	3.5315735
lgtd17_CTCTATGTCATGGCTG-1	1.2735378	3.902457
lgtd17_GCAAACAAGTTCCTGC-1	2.2332346	6.744829
HDa_TCGGTTCTCGCTATGG-1	11.655294	8.081234
ibd_pbmc_post_ATGGACAAGGGCTTAT-1	-1.1723901	-0.5925692
HDa_GTACTAATCTCAATGA-1	11.469757	8.595756
tnf_post_pie_b2_2_55_CTGTTGGAGCGCTAAT-1	-3.3202145	1.7997848
HDad_GTGTGCGGTATTGTGG-1	1.2566739	4.6808715
fast_pie_b3_45_GCGGTTGGTAACGTGC-1	1.064994	2.7990592
HDad_GTCTTTAGTCTAGCTT-1	1.03425	3.4800963
tnf_post_pie_b2_1_54_GCCTTAGAGGTTACGT-1	4.321351	6.291034
fast_pie_b2_42_TAGTAACGTTTACTTG-1	5.530925	0.39446223
ibd_pbmc_post_TAGCTAGGTGCTTACT-1	-0.94272774	2.2604067
lgtd17_TATAGCCAGGCCATCA-1	0.001203323	4.8810754
lgtd17_GGTTTCTGTTAAGCGC-1	0.3984407	5.073747
fast_pie_b2_42_CACGCAATCAAAGGCA-1	6.3394327	7.4537396
fast_pie_b2_42_AGGTTACTCATCCACC-1	7.8578243	-0.15058087
lgtd17_GCCTGAGGTCAATAGT-1	-1.5061425	1.5045704
tnf_post_pie_b2_2_55_CAGATTCAGCATTAGC-1	9.838069	8.311477
lgtd17_TTGCAAGGTAACCACA-1	1.0691867	4.45388
fast_pie_b1_40_CAATGAACAGTATGTT-1	5.910647	1.0169777
fast_pie_b2_42_AGGGTTGCACCAACCG-1	1.8169869	1.8098912
lgtd18_GGAAGTATCCTCGATC-1	1.1319184	7.8340836
tnf_post_pie_b2_1_54_TAAGCCAGTGAGCGAA-1	-0.24991427	2.3938065
ibd_pbmc_pre_GCAATAGAGTAAAGGT-1	9.366653	8.642331
fast_pie_b3_44_TCTGGCTTCCTCCTAA-1	-1.5555711	-0.1024928
fast_pie_b2_42_GGACTAAAGGTGCTGC-1	1.9485627	-1.3910248
ibd_pbmc_pre_ACGCACGGTGAGGTGA-1	2.5935645	0.87616247
lgtd17_GTCTAGCCAGGTCCTG-1	2.032369	4.268322
fast_pie_b3_44_GAACCAAAGTAAGTCC-1	-0.5354485	-0.21657956
lgtd18_GGTATGTTCGAGGTGG-1	4.275426	8.327797
tnf_post_pie_b2_1_54_TAATGGACACCTAATG-1	0.54926366	-0.44179687
fast_pie_b1_40_AGCTTGGTCAAAGGCA-1	8.560669	0.30835667
fast_pie_b3_44_GGCTTCAAGGCGAATA-1	9.64518	6.0293775
fast_pie_b3_44_GCTGGTTCAGTACCGT-1	10.1625595	7.22593
tnf_pre_pie_b2_52_CTCCGTCCAGCTAACC-1	6.9842305	7.552312
tnf_post_pie_b2_1_54_GAACTTATCACTTCAT-1	5.9571195	0.46625715
lgtd18_ACTTACTTCACGTTAA-1	2.6992807	7.8229876
tnf_pre_pie_b2_52_GTAGTTTCATAGTCAT-1	5.2527514	0.3855741
fast_pie_b2_43_TATCCAGCAGTCTATG-1	8.613821	5.3103676
ibd_pbmc_post_GATTCAGGTTGGCCGA-1	9.359649	8.333745
HDa_GTTACTCGTGAACAAA-1	-2.1598978	3.1548145
tnf_pre_pie_b2_52_ACTAATCCACACAATT-1	11.28425	6.650749
fast_pie_b1_40_CTGCTCCCAATGAAGC-1	0.33407962	0.8521273
lgtd17_TACTGCACAATTAGCT-1	2.9398372	3.768878
tnf_post_pie_b2_2_55_TTTGGCTGTGCATTTC-1	1.4443368	0.22387299
lgtd17_GCGCTTGCATACTCCT-1	-0.07452873	5.2602515
tnf_post_pie_b2_1_54_CAACAATGTTGGGTTA-1	9.730642	7.9634495
fast_pie_b1_41_ACCGAAGCACCTACTT-1	0.124233484	-0.15213563
fast_pie_b1_40_TTTATGGAGCTTACTT-1	1.002913	-1.6077106
fast_pie_b1_40_TTTGTCTAGCGAAGTA-1	0.11714904	-0.56162155
tnf_post_pie_b2_1_54_GCGTAACGTTACAAAC-1	10.171113	8.409212
fast_pie_b1_40_AGTTGCGTCCGGAACC-1	6.8971252	3.9262
tnf_pre_pie_b2_52_ACGCAAGCAATCCTGA-1	10.403748	8.190588
fast_pie_b1_40_ATTGCAGGTTTAAAGC-1	5.4651427	1.7039901
fast_pie_b1_40_TCATTTGGTCCTTTAA-1	-1.4286482	0.059556775
ibd_pbmc_pre_GCTAGCGGTGAGGTAG-1	1.9238467	3.9144425
tnf_pre_pie_b2_52_TATTAGGTCCTTAGGG-1	8.343163	6.616131
tnf_post_pie_b2_1_54_GTCCAGGGTTACGCGG-1	4.9713836	5.196485
lgtd18_GGTAGGAGTAAGGTCC-1	2.5828462	8.404102
lgtd18_ACCTACCTCATGGCTG-1	1.0947627	7.663938
lgtd18_TTGCCCGTCAGCCAAT-1	1.4644104	8.117568
tnf_pre_pie_b2_52_GTGCGCAGTCGTTATC-1	3.1358347	2.3129017
tnf_post_pie_b1_2_50_ATGTAAGCAAGGCCAA-1	2.7569153	0.77355355
lgtd17_TTAGCAATCTTGGACG-1	0.9728774	5.294387
fast_pie_b1_41_AAACAGCCATTATGCG-1	1.3243725	2.380449
lgtd17_GTTAAGCTCGCTCACT-1	-0.57466656	4.918374
fast_pie_b1_41_TGAACAGAGTTATCCT-1	-0.20748633	-1.6516417
fast_pie_b3_44_GACTTGGTCACACAGT-1	7.1960826	3.853217
tnf_post_pie_b2_1_54_GCAAACTTCAAACCTA-1	10.764826	7.771774
fast_pie_b2_42_GCCCGTTGTCATTGAG-1	8.498363	5.4813538
tnf_pre_pie_b2_52_TTGCATTTCGGCTATG-1	4.0726905	2.3107212
HDa_AACAAAGGTTGTTGGA-1	3.68625	1.7189423
fast_pie_b2_42_GGGTTACGTGATGAAA-1	7.480794	7.0172963
lgtd18_CGGTGAACACGTGCTG-1	1.7477721	8.440646
tnf_post_pie_b2_2_55_CCAAACTAGTAGCGCC-1	4.7833185	6.6241665
fast_pie_b1_41_GAAGGCCCAGTTTCTC-1	-0.046763364	0.49369296
tnf_post_pie_b2_1_54_CCTTATGTCAATTACG-1	5.9966974	7.2770243
ibd_pbmc_pre_TGCATCCTCGTGCCTT-1	1.9171522	4.353941
tnf_post_pie_b2_1_54_GACAATACACAACAAA-1	10.489329	7.3339443
fast_pie_b2_43_GGTTTCCTCTGTAATG-1	10.15063	7.28252
HDa_CATCGCTTCGCATTAA-1	11.472697	8.624249
fast_pie_b3_44_CAGCATTAGCAATAGG-1	10.365872	4.3660736
fast_pie_b2_42_GCTTCGCGTTTACTTG-1	3.523242	-0.11264625
tnf_pre_pie_b2_52_CGTGTGTCAGAGGCTA-1	0.6679769	4.10095
fast_pie_b2_42_TCCTCAATCATGTTTC-1	9.473592	6.5317335
lgtd17_GCACATTAGAACAAGT-1	1.4573499	4.863458
lgtd17_ATCCGTGAGCATGGTT-1	-2.550758	4.4935246
lgtd18_TACAATGTCGAAGTAG-1	1.8678455	9.205674
lgtd17_CGAAGGCCATTTGCTC-1	7.5712247	8.132902
lgtd18_TGGCCTTTCGTTATAG-1	0.0066719158	8.677028
ibd_pbmc_post_AAATGCCTCATGTGGT-1	10.600806	6.8462524
tnf_pre_pie_b2_52_ATCCCGCGTTGTTGGA-1	7.673426	7.065973
fast_pie_b1_40_ACCATTAAGCTGTACG-1	0.31663844	-0.26992917
fast_pie_b3_44_CACAATATCGATTTGA-1	8.305037	3.537102
tnf_post_pie_b1_2_50_GATCAGGCACTGGCTG-1	9.272694	7.375517
fast_pie_b1_40_TCGCGAGGTCCCGGAA-1	-5.5869017	0.50488186
lgtd18_CCTCAAACATTGTCAG-1	3.2003734	8.511298
tnf_post_pie_b2_1_54_GAGCGATAGTTGTCCC-1	7.5800457	8.706586
lgtd18_GAAGGCTAGAGAAGGG-1	1.932739	9.032613
fast_pie_b3_44_ATCACACAGCATGGTT-1	10.066207	7.4301243
tnf_post_pie_b1_1_50_GATTCAGGTTTGCGCC-1	3.8498473	6.9158416
lgtd18_ATATGCTCATCACTTC-1	1.0175049	7.1264157
fast_pie_b3_44_ATTTGCGCACATAACT-1	10.05946	8.333283
fast_pie_b3_44_GAACGAATCCTCATCA-1	10.12937	7.5160174
lgtd17_CGCACCACACTAAATC-1	-0.16112044	4.269967
HDv_CCACAATAGCAACAAG-1	-0.15699884	2.142099
HDj_GCTTGACCATAAGCAA-1	0.7475222	3.7281988
fast_pie_b1_41_CATGGATTCATTGACA-1	-0.44097748	1.2974882
tnf_post_pie_b1_2_50_CAACCGGGTTAGCGTA-1	-0.95797735	3.7570732
lgtd17_GAGTCATTCCCTGATC-1	2.7499142	4.124669
tnf_post_pie_b2_1_54_TCGTAATCATGCTCCC-1	1.1243358	-1.8426425
fast_pie_b3_44_AGAGAGGAGAGAAGGG-1	5.795453	2.2224104
ibd_pbmc_post_TTGCAACAGGTCTTGG-1	0.49048913	0.24183345
HDv_CATCATGCACCTACGG-1	8.243642	7.8187776
HDv_GTTCTTGTCATTAGGC-1	-1.0150151	0.48468766
tnf_post_pie_b2_1_54_TTACCGTGTTAGGACC-1	-1.4302495	0.551925
HDad_GGTCGGTTCCAGGTCA-1	8.055656	7.380019
fast_pie_b1_40_GAAGTGATCGAGGTGG-1	8.814595	6.6364355
fast_pie_b3_45_GGATTGCGTGCGCATG-1	1.754414	1.0971681
fast_pie_b1_41_CGTCATTGTGACCTGG-1	0.8954671	-0.16048986
fast_pie_b3_45_CGTTGCGCACAGCCAT-1	10.490052	5.941138
tnf_pre_pie_b2_52_TAGGAGTCAGCAAGAT-1	-3.154323	4.4214582
fast_pie_b2_42_TTATCCTAGCGCAATT-1	8.6966	4.676836
tnf_pre_pie_b2_52_CCGCCAACAGCACGAA-1	-1.8443654	3.5859456
tnf_post_pie_b2_1_54_GGGTTTGTCTAACTGA-1	9.825625	8.296478
tnf_pre_pie_b2_52_CTAATAGTCCTTGTTG-1	-2.7034478	2.661514
fast_pie_b3_44_TCAGCGATCCTTGTTG-1	0.7173876	-0.6386257
fast_pie_b3_44_TGCTTGTGTGATGGCT-1	-1.4026171	1.1831806
fast_pie_b2_43_TTAACCAAGGACCGCT-1	9.193685	5.683198
ibd_pbmc_pre_ATCAAGACACAAAGCG-1	2.8876536	1.5359951
tnf_pre_pie_b2_52_CGCCTGTGTGTTCCCA-1	7.537662	6.663498
tnf_pre_pie_b2_52_CCTTCGTAGGCATGAA-1	8.378631	8.582995
tnf_post_pie_b2_1_54_AGTGATGAGTTTGTCT-1	5.495352	2.5917084
ibd_pbmc_pre_CTCATCATCGCTAGTG-1	8.7004795	8.567612
lgtd18_ATAACGACAAGTGAAC-1	1.2399106	8.318049
fast_pie_b1_40_TTTCACCCATCCTAGA-1	9.119885	6.8269486
HDad_TACCCGGCAAGCCACT-1	8.474003	8.79705
ibd_pbmc_post_GGAACGGTCAAATCGC-1	1.4342948	1.7642004
lgtd18_TGCTTGCTCATTGTCT-1	1.962802	8.192203
fast_pie_b1_40_CAGCATTAGCTCAAAC-1	0.76641446	0.53193736
lgtd18_GACCTGATCCCTGACT-1	1.4293419	9.145915
fast_pie_b3_44_ACCAATATCATAACGC-1	0.38955852	-0.83108735
lgtd18_GCTTAACAGCTACTGG-1	4.9611926	8.743211
fast_pie_b1_40_CACAAGCGTTGGTGAC-1	1.9250787	1.8844047
fast_pie_b2_42_GCGTAACGTCACAGCG-1	7.435775	6.9312754
fast_pie_b3_44_AGGCGGATCAAGTGAG-1	8.454231	0.43811873
fast_pie_b2_43_CAGGTGGAGTGAACGA-1	-1.3832374	2.064665
HDu_TGATCAATCAATTACG-1	3.0483682	7.0783205
fast_pie_b3_44_GTGCTGGGTTAACACG-1	8.523538	7.8435965
fast_pie_b2_43_TCTTGTCCATCACTTC-1	10.227656	3.6325157
tnf_post_pie_b1_1_50_ACCGCAATCCACAATA-1	0.83409786	1.9209721
tnf_pre_pie_b2_52_AGCATTTCACTAGGTC-1	8.831133	8.754038
fast_pie_b2_42_CGATTATCACAAAGCG-1	10.135044	3.9473982
HDu_ACAGGAATCGGTAACT-1	2.7990994	7.595573
fast_pie_b2_43_CTAAGGTTCCTGAGTG-1	-2.2049108	-0.14805464
fast_pie_b3_44_GGCTGAGAGTCAGGCC-1	7.9343424	4.606211
ibd_pbmc_post_ATTATGGTCGGGACTC-1	6.260273	1.7706133
fast_pie_b1_40_CCGATGCAGGCGCACT-1	0.65200806	2.2007732
lgtd17_AGGCTAAAGGGTCCAC-1	1.940759	5.212841
ibd_pbmc_pre_TCATGTTTCTTGTCTG-1	1.9151121	0.08864756
ibd_pbmc_pre_AATCTTGAGGTGCTGC-1	2.247878	0.9153548
fast_pie_b1_41_CACCTCAGTGATCAGC-1	0.14686146	-0.6729399
tnf_pre_pie_b2_52_GTTAATGTCACTTCAT-1	9.124853	7.3599305
lgtd17_GAGCGATAGTTGGGCC-1	-0.28040183	5.596178
ibd_ilc_post_TGTAAGTGTCAAGACC-1	10.51945	5.3111873
fast_pie_b3_45_TTGCGTCTCATTACAG-1	9.381926	6.6516423
ibd_pbmc_pre_CGAAGAATCAACCAAC-1	2.4304595	0.6275298
lgtd17_GTCATCACACCTGGTG-1	7.0053916	8.644275
ibd_pbmc_pre_AGCAACAAGGAGCAAC-1	8.897933	8.11836
fast_pie_b2_42_GCGGGTTTCGCCTAAG-1	1.7746485	7.0928054
fast_pie_b2_43_TTCCTTCTCCTCGATC-1	10.938837	7.1979403
fast_pie_b3_45_TAGTTGTCAGTCTAAT-1	0.023704598	-0.5159709
lgtd17_ATGATGGAGGCTTAAC-1	7.0259395	8.296354
lgtd18_GTTTGCTGTGTTGTAG-1	0.96353066	8.322004
fast_pie_b2_42_AAGCTCCCATAACGGG-1	3.0840344	-0.2821039
fast_pie_b3_44_TATCGCGAGGTTTGAC-1	8.902533	8.053685
fast_pie_b1_40_TGGACTAGTTATCCGT-1	9.21912	5.6647606
fast_pie_b2_42_CCTAAGCCAACTAACT-1	-4.439162	0.54198116
lgtd18_ATGCATTCAGTAATAG-1	1.4391702	9.053486
tnf_post_pie_b1_1_50_GTAATAGCACAAACTT-1	0.17750841	3.557126
fast_pie_b1_40_ACTCACTGTCACGGAT-1	-0.8152769	-1.085671
fast_pie_b2_42_GGAACCTGTCGCAAAC-1	6.797671	8.408572
HDad_ATTGTGATCATGCTAA-1	-1.3557783	1.3885142
lgtd17_GCATGAAAGGACTTAC-1	1.8182997	3.460505
HDad_GGATACTTCGCGACAC-1	1.1134089	3.6621394
lgtd17_AAGGAAGCAGTTAAAG-1	7.5678096	1.8819014
fast_pie_b2_42_TCCATCATCTCATCAT-1	-0.92467284	-1.5826879
HDa_GATTAGTGTGAACAAA-1	0.1590226	2.322101
fast_pie_b3_44_ATGGACAAGAGGAGGA-1	8.621224	6.557022
lgtd18_GCTGGTTCAAGACTCC-1	1.3294643	7.7443542
tnf_post_pie_b1_1_50_CAATCGCCACCTCACC-1	0.50704145	-0.30849013
lgtd18_TACCTGCTCTGTGAGT-1	1.7263306	8.308516
fast_pie_b3_44_GTCATGCCAAGGACCA-1	-0.86816454	-0.6821674
tnf_post_pie_b2_1_54_TAGTCAATCACCAATA-1	5.0898986	6.447319
fast_pie_b2_43_TACCCGGCATAGCTTG-1	9.427725	0.8986708
fast_pie_b2_42_GCAGGTGAGCGGCTGT-1	1.504166	4.9315457
tnf_post_pie_b2_1_54_CTTACCGGTTAGGCGT-1	3.7914765	3.193374
lgtd17_GGCATGGAGCTAAGTC-1	1.4878565	6.7777033
tnf_pre_pie_b2_52_TGTCCTGGTTTAGTCC-1	1.9597318	3.4701538
tnf_post_pie_b1_1_50_AGCAATTGTGACCTGG-1	7.443011	8.465542
fast_pie_b2_42_AAGACAAGTACTTCAC-1	1.443146	2.6142843
tnf_pre_pie_b2_52_CCGTTATGTCACACCC-1	4.7494936	6.58368
fast_pie_b1_40_TACTAAGTCAGGTTTA-1	0.49992555	0.27279422
lgtd18_AAGGATTAGCGGATAA-1	1.0350407	8.112072
fast_pie_b1_41_GGGTGTTGTTTGCAGA-1	-0.15235561	0.41668943
lgtd17_AAGACCAAGGGTCCAC-1	0.80015355	5.062467
lgtd17_AAAGCCCGTGAGGTGA-1	1.0785463	6.513454
lgtd18_AAAGGTTAGCTTCCCG-1	1.4003671	9.155123
lgtd17_CTAATCTTCCGCTAGA-1	7.3735137	8.324751
tnf_post_pie_b2_1_54_CACCAACCACAGAACG-1	-1.7935075	1.680919
lgtd18_GGGTATTTCAGTTCCC-1	0.78448254	7.4503555
fast_pie_b3_44_TAAAGCCTCGCACACA-1	-0.7262125	0.68168795
fast_pie_b1_41_CCATAAGGTTTAAAGC-1	1.069294	-2.0945556
fast_pie_b1_40_CCCTAATGTGGGAACA-1	1.5284196	0.69556516
ibd_pbmc_post_CTTGGACCAAGTAAGC-1	1.2710501	1.4437838
lgtd18_TAGCTAATCATTAGCA-1	4.855565	8.763005
lgtd18_AAGGATCCAGCAGGTA-1	0.15604825	8.647695
fast_pie_b3_45_GCGCAAACAGGATTAA-1	10.272916	3.6591496
lgtd17_AGAACCGCAGAGGGAG-1	0.22654386	5.571253
lgtd17_ACTGAAACAATTAGCT-1	7.851951	1.4091911
lgtd18_CGATTATCAGCCAGTT-1	1.6987684	8.453996
tnf_post_pie_b2_1_54_CTTGTTCCATGTTGTG-1	-2.151993	2.9382217
fast_pie_b3_44_AACCGGCTCAAGCCTG-1	3.8420599	1.9162754
tnf_pre_pie_b2_52_ATGTTTGAGACCATAC-1	9.188464	7.212772
tnf_post_pie_b2_2_55_GACCTGATCGCTAGTG-1	8.682724	8.549401
lgtd17_GTTGCCCGTGTTAAAC-1	1.35737	5.222344
fast_pie_b2_42_CACCTGTTCATGTTTC-1	6.294458	0.892212
fast_pie_b3_44_CTGGATGTCCTACCTA-1	0.8096652	0.7671402
lgtd17_TATTCGTTCCAATAGC-1	1.1416366	5.257224
tnf_post_pie_b1_1_50_GCCAGGAAGGAATAAC-1	8.552645	7.3831577
fast_pie_b3_44_GACATAGAGATACTTG-1	10.448882	7.3454747
tnf_post_pie_b2_2_55_GTTGCGGGTCACGAAC-1	-1.0750407	-1.7872956
fast_pie_b3_44_TGGTAAACATAGCGAG-1	1.293879	-1.4476737
tnf_post_pie_b2_1_54_ACCTTGCTCGGCCAGT-1	5.2316785	5.9740586
fast_pie_b1_40_GTTGTTGCAGCTCATA-1	0.18885176	0.53089565
lgtd17_CAAGGGAGTGAGCAAG-1	6.0507655	8.742113
fast_pie_b3_45_CAACAATGTCACAAAT-1	1.7048981	-1.745564
fast_pie_b3_45_CGTGCACAGTAACCCG-1	8.841537	8.190176
ibd_ilc_pre_TATTCGTTCCTAATAG-1	10.413612	4.821727
fast_pie_b3_44_GAAGGCTAGCTAATCA-1	4.6928015	0.7743928
tnf_pre_pie_b2_52_ATGGTCTAGGAAGTAT-1	0.58692044	3.3901925
tnf_post_pie_b2_2_55_ACTATCCGTGTGCACG-1	-1.8946459	1.8521873
fast_pie_b1_40_GCCATGATCAAAGGCA-1	8.107534	3.6618202
fast_pie_b2_43_ATGAGCCGTATTGGAT-1	-0.3479605	1.5659927
fast_pie_b3_44_ATTACCGCAACCCTCC-1	4.0052705	5.621729
ibd_pbmc_post_GTACGTAGTCATAGAT-1	8.083205	3.7999277
lgtd18_TAACAAGCACCTCAGG-1	2.1515687	7.7479367
lgtd18_TACCGTTGTGTTGCAA-1	2.683265	8.23941
fast_pie_b3_44_CATTTGTTCCTAATTC-1	0.79880834	-0.831532
tnf_post_pie_b2_1_54_TTGTGCCTCATTACAG-1	7.30791	4.084682
ibd_pbmc_post_ACCTTCCAGCGCTAAT-1	-0.2774688	-2.0049162
tnf_post_pie_b2_1_54_CAGGACACATAACGGG-1	7.3619566	7.7430935
tnf_pre_pie_b2_52_CAGGGTGAGCGGGCAA-1	6.018804	9.079924
lgtd17_AGCTAACTCGTAATCA-1	0.948497	4.6887197
tnf_post_pie_b2_1_54_GAAAGGCTCCTAAGAC-1	5.039246	6.3191333
tnf_post_pie_b2_1_54_GCATTGCCATAAGTCT-1	10.188349	8.389512
lgtd17_ACGGTTAGTGCTCCAC-1	7.084331	8.068707
tnf_post_pie_b2_1_54_CTCATTAGTTACAAAC-1	8.574669	-0.018296015
tnf_post_pie_b2_2_55_CAACTAGGTTTGGCTT-1	4.276855	6.628993
tnf_post_pie_b2_2_55_TCGCGCACACCCACCT-1	-4.92102	0.883027
lgtd17_CCACATTGTTTGCGCC-1	-0.3098623	5.264702
lgtd18_CCTGTAACATGAATAG-1	1.6121067	7.70778
fast_pie_b3_44_ATATGGTGTTTACCGT-1	1.5151138	5.450395
fast_pie_b1_40_ACGAAGTCAATATACC-1	-1.9432629	-0.27380085
fast_pie_b1_41_TAGGAGGGTTTGCAGA-1	3.4709733	2.5561552
fast_pie_b2_43_CATATCGCAGGGAGGA-1	6.3953276	2.177151
lgtd17_CCGCACACAAGGAATC-1	2.7550046	3.9405427
lgtd18_GCACTAAGTTAGGTGC-1	1.2052512	7.8497696
HDad_TTGATGTCATCAATCG-1	0.3768854	3.6099458
tnf_post_pie_b2_1_54_GTTACTCGTTGCGCGA-1	8.604859	9.025959
fast_pie_b2_43_CTTCAAGCAGTCTATG-1	1.746661	1.5690353
fast_pie_b2_43_TTCGCAACAGGCTTGT-1	6.4392047	1.8857633
fast_pie_b2_43_GCTGTAAGTTAAGCTG-1	-0.5839318	-1.4627194
fast_pie_b3_45_ATGTCCACAATATGGA-1	0.76172996	-0.4236455
tnf_pre_pie_b2_52_TTGCACACATTATGGT-1	8.618973	6.2414145
fast_pie_b3_45_GATTGGCGTTATTGCC-1	7.4285064	0.74269795
fast_pie_b2_42_AACCTCACACTAGCGT-1	4.337136	1.8902452
fast_pie_b3_45_CACTAGCCAACATAAG-1	-0.58583915	-0.33590132
tnf_post_pie_b2_1_54_CAGGTTTAGGAGCACG-1	8.762334	6.6479244
fast_pie_b2_43_ACTCAGTAGTCATCCC-1	8.052298	5.7509274
lgtd17_TTCACTGTCGTTACAA-1	6.765216	7.9094205
lgtd18_CTGAATATCTAAGTGC-1	1.9191047	7.922936
fast_pie_b3_45_GGTTGCATCATGCTCC-1	10.203082	7.185992
HDa_GTCTAGCCAGGCTACT-1	8.238785	4.648187
ibd_pbmc_post_TCTAATCTCATAGCCG-1	0.55792415	0.44143146
fast_pie_b3_44_TTACCTGTCTTGCATT-1	-0.1869502	-0.19358842
fast_pie_b2_42_TGATTGCAGACAAGTG-1	3.0119338	3.1588523
fast_pie_b2_43_TTGTGCGAGCTAAAGG-1	5.343837	6.698671
fast_pie_b2_42_TATCGCACATTAAACC-1	-0.79623455	0.55169904
lgtd17_CTCACTCAGCGGATAA-1	1.0670623	5.040011
lgtd18_AGTCGCATCTTTGACT-1	1.393058	7.7407513
tnf_pre_pie_b2_52_CAGAATCTCCTAGTTT-1	4.9280095	6.2819834
HDad_ACGGTTTAGCCTAATA-1	1.6004742	3.9759765
lgtd18_GTACACCCAGGCATCT-1	0.5612161	8.822241
fast_pie_b1_40_TTTAGCTTCGATCAGT-1	9.835276	1.5127419
fast_pie_b2_43_GCGAAGTAGCTATTGA-1	9.06457	7.295069
fast_pie_b3_44_GCGTTTCTCCGGAACC-1	1.5980487	1.5891701
lgtd18_CGTTTGGAGTTTGCGG-1	2.354243	8.763847
lgtd18_TGACTTAAGGAGCACG-1	2.0267994	8.039607
HDad_GTTTAGCAGCTGGACC-1	1.3122296	3.9681566
lgtd17_GTTTGTAAGACACTTA-1	1.191975	5.258446
fast_pie_b3_44_TAAGTGCTCGACCTGA-1	1.5878288	1.551977
tnf_post_pie_b2_2_55_AAGGTGCAGTTGCGTG-1	7.6544604	8.478951
fast_pie_b1_40_CTCCCTGAGGACAACA-1	6.2503057	0.8617783
tnf_post_pie_b2_2_55_GTAAGGTCAATTAGCT-1	9.249864	2.1634345
lgtd18_AACTTAGTCAAGTGAG-1	1.7653561	9.05954
tnf_post_pie_b2_2_55_CGTGCACAGGCTTAGT-1	8.543759	7.877062
ibd_pbmc_pre_CAGCTCAAGAACAAGT-1	2.8132088	0.28846446
HDv_TCATTACTCAATGACC-1	9.904193	6.5565505
ibd_pbmc_pre_AACAGCAAGTGATTCA-1	0.76858443	-1.0868882
ibd_pbmc_post_GGCAAATCATCTTGAG-1	1.1649367	-0.98397183
fast_pie_b3_44_GAGTCATTCATAGCCG-1	9.268572	6.2012663
tnf_pre_pie_b2_52_TGCTCAACAGCAAGTG-1	3.5503092	3.1213772
HDu_CGAGTCGGTAGGATTT-1	2.563223	7.9966145
lgtd17_GCACATTAGGACTTAC-1	2.1420107	4.6943192
tnf_pre_pie_b2_52_CGTTGCGCAGGGAGGA-1	8.486569	7.1129837
lgtd18_CTAGATTCATGGCCTG-1	4.735584	8.81986
fast_pie_b3_45_GTGTTCCTCTAACCAA-1	1.5481374	1.2277842
lgtd17_CTAATAGTCCGGTATG-1	-0.47195557	5.142038
ibd_pbmc_pre_GACCTCAAGGCATGAA-1	9.305574	8.636715
fast_pie_b1_40_GTACTTAAGTGACCTG-1	5.273876	0.81998765
lgtd17_GATAATCGTGTTGTAG-1	1.253545	6.277959
tnf_post_pie_b2_1_54_CTCAATAAGTAGCGGG-1	6.961108	3.8872943
tnf_post_pie_b2_1_54_ATCAAGACACCTCGCT-1	2.751088	-1.1376989
tnf_post_pie_b2_1_54_AGGACGTAGTGCACGC-1	2.5996335	6.199239
fast_pie_b2_43_GTTAACCAGCGTGCGT-1	8.159355	7.814518
tnf_post_pie_b2_1_54_AATAGCTGTAGGATTT-1	4.0990787	6.3270726
HDa_TTGTTCCCATAAGTCT-1	11.534192	7.228633
tnf_pre_pie_b2_52_GAAACTGAGAGGATAT-1	-1.8200419	2.9079561
tnf_post_pie_b1_1_50_AACGGTAAGGGTTAGA-1	-3.6381207	1.1746507
HDad_GTTAACCAGCTCAAAC-1	0.44869435	3.653655
lgtd18_AAGCCTGTCTAAGGTC-1	5.2287674	8.6347065
HDa_AGCTCATAGACTTATG-1	-2.915743	2.247596
fast_pie_b1_40_CTCACAACATCGCTCC-1	-2.4054163	0.061462887
tnf_post_pie_b2_2_55_CATATCGCAGGAACAT-1	-3.3550527	0.7669671
lgtd17_GGCTATGTCTCGCCTG-1	1.5535008	4.2332945
ibd_pbmc_post_TGAGAACCACCCTCAC-1	9.844468	1.2048157
fast_pie_b3_44_TGCTTAAAGATTCCTT-1	11.287245	7.55135
tnf_pre_pie_b2_52_GAAACTGAGTTGGGCC-1	3.96759	5.243899
lgtd17_ACCACACCAAGACTCC-1	6.898965	8.418254
fast_pie_b1_41_TATGCATCAGTTAGCC-1	-1.5551944	-0.2269012
fast_pie_b2_42_AGACACGCACCAAAGG-1	8.640079	7.2142687
HDa_CTTGAATCATATAACC-1	-1.7754221	2.191744
tnf_post_pie_b2_1_54_TTCCTCAAGCATGTCG-1	-3.0850248	1.5413543
tnf_post_pie_b2_1_54_TTTGCATTCAGGATGA-1	9.471774	7.090004
tnf_pre_pie_b2_52_GACTTAGGTGTTTGCT-1	-0.89871556	3.1882606
fast_pie_b1_40_GCCATGATCTCAATTC-1	-0.30845794	-0.8865375
fast_pie_b1_40_TAAGGACCAAACCCTA-1	9.736238	6.8557067
fast_pie_b1_40_ATTGACTCACGAACAG-1	-1.5506419	0.25922233
lgtd18_CTCTAAGCACAGGAAT-1	2.1945252	7.9568915
lgtd17_TGATCGAGTTGGGTTA-1	2.3572884	4.658791
ibd_pbmc_post_TGATTGCAGACTTACA-1	11.227274	7.0653086
fast_pie_b3_44_ACCAAACTCTCACATT-1	8.300415	-0.20616445
fast_pie_b2_42_TAGTGAGAGTGAGCGG-1	2.7571955	1.2959969
tnf_post_pie_b2_1_54_CTTAAGGGTAATGGCC-1	10.151212	7.255289
fast_pie_b2_43_GATCAAGAGGCGCTTA-1	5.460446	1.3843656
ibd_pbmc_pre_GATCAGGCATTAAAGG-1	0.7697421	1.185632
fast_pie_b3_45_GCAGGCTTCTGGTCCT-1	10.771838	6.1849957
fast_pie_b2_42_CTCGTTATCTAACTGA-1	8.294703	5.818218
fast_pie_b1_40_TACAGGTTCGTTATAG-1	9.764004	7.7143683
lgtd17_TATTTGGAGCTTACTT-1	1.7719346	5.122271
lgtd18_CTAGCTGAGGTTTGCG-1	4.389647	8.532399
tnf_post_pie_b2_2_55_GATCCGTCAGGTCCTG-1	-5.6051917	1.1854748
tnf_post_pie_b1_2_50_CCCAAACCAATATGGA-1	-3.6406353	3.017267
tnf_post_pie_b2_2_55_TTGCACACACGGTACT-1	0.39557824	0.46613875
tnf_post_pie_b1_1_50_TGGCTAAGTTACTAGG-1	-5.4924426	1.3817301
lgtd17_TGAGCACGTGATTACG-1	0.96813744	7.176095
fast_pie_b1_40_GTAGGTGCACCAGCAT-1	9.657616	6.716507
fast_pie_b1_40_TGTTGTTTCTAACCTT-1	1.9708551	-1.4138621
tnf_pre_pie_b2_52_GTTTAACCAGCTAATT-1	2.7369094	1.0920258
lgtd18_TTACACCGTTTAACCC-1	8.535459	2.3706415
HDa_CCAAACCCAGGAATCG-1	-1.4390033	2.7098022
ibd_pbmc_post_AGTTGCAGTTTACCGT-1	-3.1672876	1.7649319
fast_pie_b3_44_GTCGCAATCAAAGGCA-1	7.5196643	4.8474646
fast_pie_b2_42_GTGCTCAAGCCTAACG-1	-0.810767	-1.4360951
tnf_pre_pie_b2_52_TCCTTTACATAATGAG-1	7.714263	4.2947955
fast_pie_b2_43_ACTCGCGCAATAGTCT-1	6.3407006	2.4588943
tnf_pre_pie_b2_52_AAAGCAAGTCATTGAG-1	8.227323	8.907478
tnf_post_pie_b2_1_54_CGGTAACGTTAGCTGA-1	10.277873	8.112273
tnf_pre_pie_b2_52_GGTCAATTCGAAGTGA-1	9.11059	8.54181
lgtd17_CTGTAACAGGCCAATT-1	1.3041662	4.4991155
tnf_post_pie_b1_2_50_AGGATGCAGTCAGTAC-1	4.848072	6.2706423
fast_pie_b2_43_AAAGCGGGTCGCAAAC-1	9.743742	7.1751485
lgtd17_TGATGATGTGGACCTG-1	2.176398	3.4416168
fast_pie_b3_44_GGATTATGTCATCCTG-1	-2.933809	0.37358552
fast_pie_b2_42_GCAGGAAGTTCACCAT-1	-0.6050142	-0.8034381
tnf_post_pie_b2_1_54_TCTTAGTTCATCGTTT-1	-1.1165941	-1.3713136
tnf_post_pie_b2_2_55_GACTCACCATCAGCAC-1	4.824029	5.961879
fast_pie_b3_44_ACCCTGTTCTTGCAAA-1	-2.4146328	0.5927848
tnf_post_pie_b2_1_54_AGATGCTTCTGTTGCC-1	7.2831783	3.6514845
tnf_post_pie_b1_1_50_AAGGTGCAGGAAGCTA-1	3.9551337	5.6885133
fast_pie_b2_42_TGGCGGTTCAAAGGCA-1	4.9428344	3.8758008
fast_pie_b3_45_TATCACGCACTTCACT-1	-1.65136	-0.1883052
lgtd17_AGCCAGTGTTAGGCTA-1	1.3106004	5.887289
tnf_post_pie_b2_2_55_TTGACTAAGGGTTATC-1	9.596743	8.198062
lgtd18_GTGAGCGAGGAGCAAC-1	1.926321	7.4701014
fast_pie_b2_43_GGTTGACGTTGCTGGG-1	0.61537266	1.411481
tnf_post_pie_b1_2_50_AGCAAATAGTCCTGAG-1	1.976316	2.6334877
tnf_pre_pie_b2_52_GACCTGATCCCGTTGT-1	8.030672	6.850058
fast_pie_b2_42_AGGAAACGTTACAAAC-1	1.4846721	-0.365113
tnf_post_pie_b1_1_50_AGCTATATCGGTAACT-1	-0.4219739	-1.1751689
lgtd18_CGCTTACTCTAAGGTC-1	5.8221216	7.8584347
tnf_post_pie_b2_2_55_ATGAATGCAGGCATGA-1	4.726494	7.166989
lgtd18_GTCCGTAAGGAACGCG-1	4.6438255	8.6755905
lgtd18_GGATGGCCACTAGGTC-1	1.9047036	8.34589
fast_pie_b3_44_TATGTGATCTAACCAA-1	-0.7084916	0.41106403
ibd_pbmc_pre_TAGTGGCGTTATCCTA-1	0.46566838	2.9506245
fast_pie_b2_42_TTGCAAGGTTGACTTC-1	-0.44513085	3.1536438
fast_pie_b2_43_GCGTGCTAGCCGCTAA-1	11.307748	7.1421676
lgtd17_GTCGCAATCCAATTAG-1	2.5323272	4.6394706
fast_pie_b1_40_TCCATGCTCTTTGAGA-1	8.20233	5.227006
fast_pie_b1_40_GGCTAGACATCCCGCT-1	11.18198	6.7798166
HDa_CTCTGTTCAGTAGCCT-1	-1.9676095	2.206035
fast_pie_b3_44_CCGCACACACTGACTA-1	0.6077935	0.32166004
lgtd17_GCTAGTGTCTAAGTCA-1	1.1130294	6.189917
fast_pie_b1_40_GCAAGCCTCAATTGGC-1	5.1090755	0.9326429
ibd_pbmc_pre_AAACCAACATCCGTAA-1	2.6580484	0.6207416
fast_pie_b2_42_GCAGGTGAGCATCCAG-1	2.0911052	0.66483116
fast_pie_b2_42_CAATCCTGTGCATTTC-1	1.2054605	0.97448874
tnf_pre_pie_b2_52_TGTCAATCAGTATGTT-1	5.3556037	2.6354277
lgtd17_GATCCGTCATGCTATG-1	0.04273774	5.190072
fast_pie_b2_42_TAATTGCCAACGTGCT-1	4.8487697	2.1660464
tnf_post_pie_b1_2_50_TAACCGGTCAGGCTAT-1	1.6476827	2.2115188
fast_pie_b1_41_AGGTCCGGTACCCACC-1	1.505142	0.054170776
fast_pie_b2_43_GCAAACTTCTAAATCG-1	0.26229063	2.5176158
fast_pie_b3_44_ACGTCCTTCTCACATT-1	9.556997	1.4212129
ibd_pbmc_post_ATCAGGTTCCCTCATA-1	-5.440165	0.22098331
fast_pie_b3_45_GGATATTGTGATCAGC-1	4.1517954	2.6495302
lgtd17_AGATGCTTCATGTCAA-1	2.626148	3.7315388
fast_pie_b2_43_CTTCACTCATCCTGAA-1	8.750041	5.2285643
ibd_pbmc_post_CCGATGCAGTATTGCA-1	10.642784	7.2572303
ibd_pbmc_post_TTGAGGCGTTGGTTAG-1	-1.6991469	0.9413523
tnf_post_pie_b2_1_54_GCCTGCTGTCCTTCTC-1	5.12472	5.3082647
ibd_pbmc_post_TATTTGGAGGCTCATG-1	11.2935915	6.853838
fast_pie_b3_44_CGCTCCATCCCGTTTA-1	1.6795838	0.5444896
HDa_GCAATATGTGTTAAAC-1	4.2707233	0.79233843
ibd_pbmc_post_TACCTCATCCCATAAA-1	4.704971	1.1123223
lgtd17_TACCGAAGTCATAAGT-1	1.8424999	4.6593432
fast_pie_b1_40_CGTTATTTCATGGTTA-1	5.114045	0.18959573
tnf_pre_pie_b2_52_CGTTTCTCAGAGAGCC-1	2.8264272	2.3534856
tnf_pre_pie_b2_52_GCCATTACAGCAAATA-1	-3.3910089	3.828144
lgtd17_TCTCAAGCATTGTGCA-1	0.30690452	6.2671785
tnf_post_pie_b2_1_54_CCTTGTTCATAGCGGA-1	-3.766935	1.9880297
lgtd17_CATTATGAGTTCCTCA-1	6.7391996	8.603683
tnf_post_pie_b1_1_50_TGGTTAATCCTAGTCC-1	-3.682633	3.0723968
fast_pie_b1_41_TCATGTTTCACTAATG-1	-2.8458233	-0.205648
fast_pie_b2_43_CTATAACCACTGGCCA-1	7.3438954	3.4644337
tnf_post_pie_b2_1_54_GGGTTACGTGTGTGGT-1	3.2456183	6.036596
tnf_post_pie_b2_2_55_GCGATTAGTGCAATGC-1	9.264133	5.087659
fast_pie_b1_40_GCCCGTTGTGTTTCAC-1	1.9610057	3.1551173
fast_pie_b1_41_GAGCTTGTCCTAAGTA-1	1.4082345	1.9766945
ibd_pbmc_pre_CCTTTAGTCAAGGACA-1	1.1476457	-0.60493535
fast_pie_b2_42_CCGTTTGGTGAAGCCT-1	-1.4822563	2.2142375
fast_pie_b1_40_AGCAACAAGGTCTTGG-1	0.5853958	1.08902
tnf_post_pie_b2_1_54_CGGTTTGAGTCCTTCA-1	7.528628	4.256573
fast_pie_b3_45_GTAAGCAAGTAACTCA-1	-4.482572	1.6628523
fast_pie_b3_45_AACTAGCTCGAGGTGG-1	2.5326197	-0.31009153
ibd_pbmc_pre_AGGCCCAGTTTGCAGA-1	2.9648123	0.6977528
HDv_TTGCAACAGCGGTTAT-1	-2.0793614	1.4698353
fast_pie_b1_40_CTCATTGTCTTAGGGT-1	-1.7878932	-0.86443686
fast_pie_b2_43_CAGGACCTCCTCCTAA-1	-2.0158784	1.8007988
fast_pie_b3_45_GGGTTTGTCATTAGGC-1	10.287087	7.0553126
lgtd17_GGGATAATCGGCCAGT-1	2.0624142	5.085846
lgtd18_TCATACTTCAGCTAAC-1	0.4617288	9.068174
lgtd18_TTCATCCCACAACAAA-1	1.7769797	8.879569
tnf_pre_pie_b2_52_GATTTGCAGAGGCTAA-1	9.714852	7.736825
fast_pie_b2_42_TTGTGAGGTTGCGCGA-1	2.012806	-1.7733262
tnf_post_pie_b2_2_55_AGAGGATGTTATCCGT-1	6.0728927	8.496171
lgtd17_CCTGGTAAGGTGCGGA-1	1.7435578	6.1210856
fast_pie_b1_40_AGCGTGCTCTTACTCG-1	5.02164	2.3054473
fast_pie_b2_42_ACCAGGGAGCATGTCG-1	10.738812	6.7862725
tnf_pre_pie_b2_52_CACAATATCCGGTATG-1	9.061845	6.4180813
fast_pie_b3_45_AAGAACAGTCACTCGC-1	2.5830495	-0.18780336
lgtd18_CGGGCTTAGCGTGCAC-1	2.1989157	8.646074
fast_pie_b2_42_AAACCAACAGCAAGGC-1	9.307123	6.0484853
tnf_post_pie_b2_1_54_GGCGGTAAGGTTACAC-1	-3.3889785	0.091821395
lgtd17_CTCCTGAGTAAGCTTG-1	1.5963045	4.8731265
tnf_pre_pie_b2_52_TAAGTAGCATGCTATG-1	8.5724945	8.938791
fast_pie_b3_44_AACCGGCTCGTGCTTC-1	2.8052847	-0.25113288
tnf_post_pie_b2_1_54_CACTTAAAGCATGAAG-1	0.49516973	-0.2518368
fast_pie_b1_41_TAATTGCCAAATTCGT-1	9.280848	7.3779364
lgtd18_GTCGAGGAGGTGCGGA-1	2.8984752	8.589979
tnf_pre_pie_b2_52_TCAGTGAGTAATGACT-1	4.1400657	6.4859166
tnf_pre_pie_b2_52_TAGGAACCAAATTCGT-1	2.0685387	1.7654142
fast_pie_b3_45_ATTTAGCCAGTATGTT-1	0.26862988	0.34045562
ibd_pbmc_pre_CTTTGGGAGCTGTCAG-1	2.2585733	2.1762612
fast_pie_b2_42_CGGAGTCTCAATCTAG-1	0.5091864	1.3150802
tnf_pre_pie_b2_52_ACAGTATGTTTCCTCC-1	-2.843008	0.643667
fast_pie_b2_42_GGAACTAAGGACCGCT-1	8.566738	5.811384
fast_pie_b1_40_TGGGCATGTGATTTGG-1	4.706352	2.544827
fast_pie_b2_42_GGTGTGACACCTGGTG-1	5.5343413	0.87013894
tnf_pre_pie_b2_52_TTCCTTCTCATCCACC-1	-4.610451	0.5729186
tnf_post_pie_b2_2_55_AGCTTAATCATTTGCT-1	10.276091	8.123482
fast_pie_b2_42_AGAAGGTGTCACAGCG-1	8.385711	6.5718226
tnf_post_pie_b2_2_55_TTAGCAATCTAAGGAG-1	9.291802	7.507347
HDv_AATCCTAAGATGGAGC-1	0.7634899	1.1743325
ibd_pbmc_pre_TTGTGAGGTCTATCGT-1	3.0965588	1.3757164
tnf_post_pie_b2_2_55_ACAGCGCTCATTGACA-1	4.7219214	6.751789
fast_pie_b3_44_AGCCTAGTCAGCACGC-1	4.588943	1.6885979
tnf_post_pie_b2_1_54_AAAGCGGGTTATGTGG-1	3.9708931	6.1941013
lgtd17_AGCCGCTAGCTCCTTA-1	3.4256759	7.105194
tnf_post_pie_b2_2_55_GTATTGATCGCCTGTT-1	-0.29480898	1.7518386
fast_pie_b1_40_TGAGGAGGTCTAACCT-1	2.3521044	-0.68550414
tnf_post_pie_b2_1_54_GCACGCTAGGAACCAA-1	9.824629	5.3621335
fast_pie_b3_45_CCCTCACCAGGTATTT-1	1.857726	-0.8935167
fast_pie_b2_43_GCGCTTGCACGTAATT-1	10.067955	6.38981
lgtd18_ATTACCGCATCACAGC-1	1.1294725	8.868197
fast_pie_b1_40_ATTACCGCACTTACAG-1	0.6064183	-1.7320138
fast_pie_b3_44_CGAACAAAGGCATTGT-1	-0.32373962	1.0147727
lgtd18_CTTCAGGAGGATCACT-1	3.3059108	8.55901
fast_pie_b3_45_AGGTCAAAGTTATGTG-1	-1.3849233	0.8638431
tnf_post_pie_b1_2_50_AATTCGTCAGCAAGGC-1	8.88669	8.9540415
lgtd18_GATAGACCATCATGTG-1	5.9993744	5.0204635
lgtd17_TCCTAGTGTCAAACTG-1	1.1890404	6.5265837
tnf_pre_pie_b2_52_GTTCTTGTCATTAGGC-1	-5.463571	1.3521453
lgtd17_CTCATTTAGTTCCTCA-1	1.7939906	3.6352453
lgtd17_CCGACAGGTTGCACGG-1	1.3171667	5.036484
fast_pie_b3_44_AGCCTGGGTTGCATCT-1	7.738273	0.07799097
lgtd17_GGTGATTTCGGCTAGC-1	1.3538144	4.663393
ibd_pbmc_pre_ATGTTGTCAATTAGCT-1	10.428562	4.321006
tnf_post_pie_b2_1_54_CTTGACGAGTCAGTAC-1	1.183856	1.4751549
fast_pie_b1_40_GTAGGTGCAATTAACC-1	4.659555	1.9612441
fast_pie_b3_44_CGGTTCCGTTCAAGCA-1	0.99553704	1.483393
lgtd17_ATCCCGCGTAGCCTCC-1	-1.5168239	4.364468
tnf_post_pie_b1_2_50_ATGGCCCAGCGCAATT-1	10.192571	8.223898
lgtd18_TTCCTCAAGTAAAGGT-1	1.4144894	8.745853
lgtd18_AAGTGTTGTAACAGGG-1	2.3766618	7.659299
HDv_AGCCGCTAGCACGTTG-1	10.637967	8.436805
tnf_pre_pie_b2_52_ATTGCAGGTTATTGCC-1	-0.1910888	2.5031059
lgtd18_CCTGGTAAGCTGGAAA-1	3.1515539	8.472501
tnf_pre_pie_b2_52_AAGTGAAGTGATCAGC-1	8.076336	4.3253865
ibd_pbmc_post_AGAAGGTGTTGAAGCC-1	8.9407015	1.7372237
tnf_pre_pie_b2_52_CTTCAATTCATGGCCA-1	-2.0657718	0.10926522
lgtd18_GTTTCAGCAAATACCT-1	1.5012313	8.444592
tnf_post_pie_b2_1_54_CTGGTTTGTGCCGCAA-1	9.486999	8.7733345
fast_pie_b2_42_CGCTTACTCACGCCAA-1	-3.5516825	3.2602384
fast_pie_b1_41_GATCAAGAGGAGTAAT-1	5.1264915	0.5206458
lgtd18_GATAGACCATCTAGCA-1	2.4602385	8.75501
fast_pie_b2_42_CTGTTGGAGGGTTAGA-1	0.22663777	2.450568
fast_pie_b3_44_TAGCTAATCCTTGCAC-1	0.59401566	5.5885663
lgtd17_GGTACAAAGCCGCTTT-1	1.5971122	6.952715
HDa_CACATGCCAAACCTTG-1	-1.1515589	2.121981
fast_pie_b2_42_CCGTGCTGTTAAATGC-1	-0.080863096	-1.0380749
fast_pie_b3_44_CTGACATAGTTTGGTA-1	1.0516949	0.75751597
fast_pie_b2_43_TCAAGCTAGGCATTAC-1	-0.60817647	-0.3190489
fast_pie_b1_40_TATCGAGGTCAACAAT-1	8.062459	-0.20875642
tnf_pre_pie_b2_52_TCTCAATTCCAAATCA-1	11.267637	7.2645397
tnf_pre_pie_b2_52_TAAGTGCTCATAGCCG-1	8.920633	8.829394
tnf_post_pie_b2_1_54_TTATAGCCAGGTTCAC-1	-0.98926514	0.02821924
fast_pie_b3_44_TGCACTTGTATTGTCC-1	-2.1691194	0.30019063
HDa_GTCTATGCAGGACCTT-1	11.388985	8.8544035
fast_pie_b1_40_TTTCACCCAAGCCAGA-1	6.9173627	1.2068738
lgtd18_CCTAAATCATGAGCAG-1	4.2057443	8.130592
fast_pie_b1_40_TCGACAAGTAAGTCGC-1	8.6680355	0.66607267
fast_pie_b1_40_TGTTGTAAGCTCAATA-1	3.0561535	6.670692
fast_pie_b2_43_AGCTTAATCTGCAAGT-1	0.45766172	-1.7204322
HDv_AAGTCTATCAGGTTTA-1	11.180092	8.601327
fast_pie_b3_44_TGGTTAATCTTAGGGT-1	2.204494	3.3688076
tnf_pre_pie_b2_52_GAGTTTGGTTATCCGT-1	-5.0975556	1.7668532
HDj_TAAGTGCTCCCTGTTA-1	-2.3138602	3.7200103
tnf_post_pie_b2_2_55_CCGATGCAGATTCCTT-1	5.2544985	1.4084994
HDv_AATAGCTGTTAAGTGT-1	-3.0261042	2.694275
ibd_pbmc_pre_GTATTGATCTTCAATC-1	3.1239073	0.53747636
tnf_post_pie_b2_2_55_TCCTAGTGTTGGTTAG-1	10.097666	8.068742
lgtd18_TCCAGGATCGCTCACT-1	4.939213	8.6858015
fast_pie_b1_40_CCTGATGAGCGAGCGA-1	-0.5494236	0.43636465
tnf_post_pie_b2_1_54_GGTTACCCAAGGTGGC-1	-2.3985796	2.742485
HDa_GTCTCACTCAAACACC-1	10.754057	8.10729
ibd_pbmc_pre_CCTAAAGGTAATAACC-1	0.6241066	0.6601813
lgtd18_CATAGGCGTGGTTATG-1	3.4583738	8.548667
fast_pie_b3_45_TAGTACGGTTGCCTCA-1	-3.914446	2.2160432
tnf_pre_pie_b2_52_TTTGGCTGTGGTGAGA-1	1.7463537	2.783735
tnf_post_pie_b2_1_54_GGCGATACATTAGGCC-1	-4.836681	0.58799654
lgtd18_GGTTTCCTCCTTTACG-1	0.9979302	7.894551
fast_pie_b3_44_TCTAGCCTCGTGCTTC-1	0.8719165	2.0085564
HDa_ATGGTTATCGCACAAT-1	-2.134322	0.9985023
HDad_CGCACCACACATTGCA-1	-2.031767	0.1191284
fast_pie_b1_40_GGCATTAGTCTTGCAT-1	5.9916368	1.2356195
lgtd17_TACGCACCAAACTCAT-1	1.5746821	4.083257
fast_pie_b2_43_TTGCCCGTCAATGACC-1	-0.2215355	0.52018076
tnf_post_pie_b2_2_55_CCTATATTCCTTGCAC-1	-1.3375835	-1.7326877
lgtd18_GCTTAGTAGGGCTAAA-1	0.50342196	8.58378
lgtd17_TAATGCATCCATAAGC-1	2.607466	4.1340814
tnf_post_pie_b2_1_54_CAGCTAAGTTACAAAC-1	7.7950344	4.0712266
HDu_TGATTCAAGACTATTG-1	3.199992	7.3128257
HDa_TACTCAAAGATTGAGG-1	-0.57641417	2.854132
ibd_pbmc_pre_ACACTTGCATGAAATG-1	2.1537771	-0.0876767
lgtd17_AATGCATGTTGGTTCT-1	7.2559066	7.970551
fast_pie_b2_42_ATGGTCTAGTCAATCA-1	-0.24676374	-1.6093096
HDv_CTAGTGAGTACTTAGG-1	11.178605	8.566103
tnf_post_pie_b2_1_54_CAATGCCCAAACAACA-1	-2.1649618	1.8269793
tnf_post_pie_b2_1_54_ATCAAGCTCATGGTTA-1	1.2531965	-0.7365846
fast_pie_b1_40_GGAAGTATCGTGCTAG-1	1.3967687	-1.6446095
fast_pie_b2_42_CTTTGAGCAACAGGAT-1	11.036519	6.6169624
fast_pie_b1_40_TGGACTAGTTATTGCC-1	9.436853	6.972245
lgtd17_AGTAACCTCTAAGGTC-1	7.5081286	8.620554
tnf_post_pie_b1_2_50_CAAGCTAGTGCTCCAC-1	5.400418	1.1735673
tnf_post_pie_b1_2_50_GCTGGATGTCTAGCTT-1	2.5871325	1.8351419
fast_pie_b3_44_CGCCTCATCACATTGA-1	1.2840033	0.18297353
tnf_post_pie_b1_2_50_ACGCCTTTCTAATTGG-1	2.0748827	2.465079
fast_pie_b2_42_TGCACCTTCCAGGGAG-1	2.8575482	-1.0717344
HDa_GGAGCAAGTACTTCAC-1	0.43452054	2.874442
fast_pie_b3_44_TAAGTAGCATGAGCAG-1	1.8960807	-1.0859064
tnf_post_pie_b2_2_55_TCACTGACATGCTATG-1	-0.7148433	-2.0504777
tnf_post_pie_b2_1_54_GATTCAATCTTCAATC-1	-2.6303823	1.7783449
fast_pie_b3_44_GGTCAGGAGACACCGC-1	9.70773	7.2074866
lgtd18_GCTATTGCAGAAATTG-1	5.438928	8.632623
lgtd18_GAACCGCTCACGCATG-1	1.7610208	7.485433
ibd_pbmc_pre_GGCCTAATCAATTGGC-1	2.7225776	1.2873912
lgtd17_GTGCTGATCCCTGTTA-1	7.0017056	5.5462084
fast_pie_b1_41_CGCCAAATCACATTGA-1	6.797023	1.915857
fast_pie_b2_42_GCGATTAGTCATGCAA-1	-0.05877878	-1.6652535
lgtd17_GGCTGAGAGGCGTAAA-1	6.192881	8.445973
tnf_pre_pie_b2_52_ACGCCTAAGGAGGGTT-1	5.6130695	0.28017402
ibd_pbmc_pre_ATCCTTAGTGTGAGAG-1	3.2516599	1.2316372
ibd_pbmc_pre_GGCAGGATCAGGCTAT-1	1.1969193	0.8958004
fast_pie_b1_40_TCGTTAGCAATAGCCC-1	9.280784	6.5175962
lgtd17_TTAAAGGCACAACAAA-1	6.634745	8.05987
fast_pie_b2_42_AGCTTTAAGGCTAATC-1	-0.8433472	1.0935996
fast_pie_b2_43_CGTGGTTCATGAAATG-1	8.3954315	5.989627
tnf_post_pie_b2_1_54_TAGGAGTCACCTAAGC-1	9.54866	2.0384872
fast_pie_b2_43_TCCATAAAGGACTTAC-1	0.18202457	2.192553
fast_pie_b2_42_TCAGCGATCGCTAAAC-1	1.9833078	-1.3042718
lgtd18_GCCTGTGCATGGCCCA-1	1.2910821	7.2604976
tnf_post_pie_b1_1_50_CGAAATGAGTTATCTC-1	9.777479	7.9235697
fast_pie_b3_44_CGATATTCAACTAGGG-1	9.673799	7.608769
fast_pie_b1_40_TATGACTCATTGTTGG-1	0.8868141	-1.1630514
fast_pie_b3_44_AAGGATTAGGCCTAAT-1	-1.9183987	-0.2860009
lgtd18_CAGCTCAAGGCCATCA-1	0.76339394	7.42111
fast_pie_b3_44_TATCGCACACTTGTTC-1	9.094156	5.7041297
ibd_pbmc_pre_TGACTTCGTCTAACCT-1	5.1223617	2.4998634
ibd_pbmc_pre_TAATGGTGTAGTTGGC-1	-0.066270046	-0.34908566
tnf_pre_pie_b2_52_TTTAGCTTCCTTGAGG-1	2.7818356	1.6709291
tnf_post_pie_b1_2_50_GAGTTGCGTAATAACC-1	-3.3581028	3.3666234
tnf_post_pie_b2_1_54_TTAGAAGCATCTTGAG-1	4.1356473	6.8417335
fast_pie_b3_44_AACCTAATCCAGCACA-1	1.1269451	0.46550483
tnf_post_pie_b1_2_50_ACCTCACTCGCTAGCA-1	-4.9027333	2.2352388
lgtd18_ATCGGCCAGTGAGGGT-1	3.4691625	8.410238
lgtd18_TTTACGAAGCCTGATG-1	2.980764	8.128577
fast_pie_b2_42_GAGGTAGGTCTAGCTT-1	-0.42078963	-0.25867984
fast_pie_b3_45_CGCTATGAGCACTAGT-1	-0.47738203	0.76998264
tnf_post_pie_b2_2_55_ACACGGACAACTCGCG-1	4.800171	5.129743
tnf_post_pie_b1_1_50_CTTAACAAGGATTTGC-1	7.022727	8.944813
fast_pie_b2_42_CACCTCAGTAAGGTTT-1	1.0686872	1.3926207
lgtd18_AAAGCCCGTTCCGGCT-1	4.644575	8.348632
fast_pie_b3_44_TGGTGATTCTTGAGCG-1	-0.75084275	2.106659
fast_pie_b1_40_ACGAACAAGGTGAAAT-1	-1.8892282	-0.0056485888
tnf_pre_pie_b2_52_TATGCATCAGCTAATT-1	1.8453888	2.3352509
fast_pie_b3_44_AACGCTAGTCCGTGAG-1	2.1285193	-0.72811145
tnf_post_pie_b2_1_54_GGCGCTAGTGAACAAA-1	-2.8451915	3.5185516
fast_pie_b2_43_TTTGAGTCACAGGAAT-1	9.862826	7.7953568
fast_pie_b2_43_TGATCACAGTTTCCTG-1	4.9580774	2.3580668
fast_pie_b2_42_TTGGATTCATAAGTTC-1	5.1188254	1.838565
lgtd18_CACAATATCTAGCGAT-1	1.9665294	8.507599
fast_pie_b3_44_CGCTGTGCACCAGGTT-1	1.0316255	-0.71422666
lgtd17_GAGTTGCGTTTAGTCC-1	6.366953	7.804826
HDad_ACCATTAAGGACAACA-1	-1.7916313	4.3563566
lgtd17_AGTCCTGAGGCTACTG-1	0.7104571	2.642135
lgtd18_GATGAGGGTGCCTCAC-1	3.457361	8.442271
fast_pie_b3_44_AGTATAGCATGTCGCG-1	9.48177	1.9379965
lgtd17_GCGAGTGAGCGGGCAA-1	1.766751	4.864145
lgtd17_GTTGGCGGTGCTAGCG-1	0.9908539	5.597051
fast_pie_b2_42_GTGATGAAGATAAAGC-1	9.788958	7.1463118
fast_pie_b3_44_GGTCAGGAGTAACAGG-1	10.184226	3.756871
tnf_post_pie_b1_2_50_GGTCTTGAGTCGCAAT-1	7.6064396	3.5900521
lgtd18_CCTGTAACAAGACTCC-1	-4.6387677	0.6862112
tnf_pre_pie_b2_52_CCGCTAGCACAGCCAT-1	-2.9633048	3.0486667
tnf_post_pie_b2_1_54_TGCTCACTCCCGAAGC-1	10.325306	5.7976885
lgtd17_TAGACCAGTTTGTGGA-1	0.78845537	5.2231255
lgtd18_TCTTAGTTCTTGAGCG-1	3.482496	8.531306
fast_pie_b1_40_CACATTAAGTAGCGCC-1	5.0976653	1.1503848
tnf_post_pie_b2_1_54_TTAGAAGCATGCTTAG-1	4.474292	6.1374245
fast_pie_b3_44_GCACTAAGTCCCGAAG-1	1.3641841	6.2671585
fast_pie_b2_42_GCTTTGTGTACAAAGA-1	6.712717	7.477307
fast_pie_b1_40_AACAAGCCACCTCACC-1	-1.606526	0.3267797
HDad_ATTAGCTCAACAGGTG-1	1.2052635	3.5587
fast_pie_b3_45_ACCCGCTGTGAAGCCT-1	1.3011531	1.0371722
fast_pie_b1_41_GAATTTGTCCTGGTCT-1	0.37620908	-1.0789503
fast_pie_b3_44_AGCCGGTTCACCAATA-1	-1.1109802	-1.4233458
fast_pie_b3_44_GAACCGCTCGGCTATG-1	1.470383	-0.049386147
fast_pie_b3_45_TCATAACCAAGGAATC-1	8.58781	8.086316
fast_pie_b1_40_ACATTGCAGAACAAGT-1	5.7664304	1.3993112
tnf_post_pie_b2_1_54_TTGACATCATAACGGG-1	5.578148	1.7483727
HDad_AATACCGGTTAGCATG-1	-1.5186642	4.0083632
lgtd17_TGCTTAAAGGTCATTA-1	-0.3598356	4.799411
fast_pie_b2_42_CCAACCAAGTCAATCA-1	5.0427384	0.68956476
fast_pie_b3_45_CGCTTACTCATTGCGG-1	-4.0030274	1.9773548
fast_pie_b3_44_AGTAGGATCAGTATTG-1	0.34445453	0.36851674
tnf_post_pie_b1_1_50_CCCGCTTCAGAAATGC-1	0.9988208	6.07384
fast_pie_b1_41_GCTATAGGTTTATCGC-1	9.468741	7.2088723
lgtd18_AGCCTGGGTTGTGACA-1	2.979011	8.596315
fast_pie_b1_40_GTGTTACAGTCAATTG-1	-0.61875033	1.5229795
lgtd17_ATTGAAGCATCCCTCA-1	1.0027246	5.9069095
fast_pie_b2_43_CCTTCGTAGTCATTTC-1	0.7318679	-2.1841424
ibd_pbmc_post_CTCCCTGAGGTCCGTA-1	9.871403	6.991798
fast_pie_b3_44_AACCTCACAGTAGGAT-1	0.9598815	-0.13001978
lgtd17_TGTGATCAGCTACTGG-1	6.660275	8.360895
tnf_pre_pie_b2_52_CCCTAATGTTTGCGAA-1	10.02767	7.011802
fast_pie_b1_40_CGCACAATCGCTAGCA-1	-2.211366	0.7662386
fast_pie_b3_45_GCTGAGGAGCGCCTAA-1	2.6277869	2.188087
lgtd17_GCTAAGTTCGAGGAAC-1	7.1531496	7.766173
tnf_post_pie_b2_1_54_AAGTGCAAGCCTGGTA-1	-3.758237	2.1712933
ibd_pbmc_post_GGTACTAGTAATCGTG-1	-4.027267	1.9273325
tnf_post_pie_b2_1_54_ACATTAGTCCATAAGC-1	-2.1625843	-0.23862323
tnf_pre_pie_b2_52_AATCATGTCGTAACGT-1	1.550326	-0.0019506239
lgtd18_GTTTCAGCAAGCCACT-1	1.4987481	7.7163453
ibd_pbmc_pre_CCAACATAGTGCACGC-1	2.8088145	0.62389725
tnf_post_pie_b2_2_55_CTAGTGAGTCCTTCAG-1	5.0491414	6.0696516
HDa_CTAAAGCTCGCAGGCT-1	7.9962063	7.997431
tnf_pre_pie_b2_52_CCAGGAACAAGCGATG-1	-3.1950192	3.480887
fast_pie_b3_44_ACTGAAACAGTAAGTA-1	-2.3452842	0.21854134
HDv_TCGCCCATCGGGACCT-1	-2.8130388	2.8683076
HDad_GCACGCTAGGCTTAAC-1	-1.7845289	4.186497
HDad_ACCAAACTCCCTGGAA-1	8.562166	8.608024
tnf_post_pie_b1_1_50_GAGGTAGGTTACGCGG-1	9.310941	7.577086
fast_pie_b2_42_CGTTAAATCGCATTAA-1	1.2922128	2.217623
fast_pie_b2_42_TTAGCGGTCTTGCAGG-1	3.1915169	2.9769208
ibd_pbmc_post_TCTAATCTCATAAGCC-1	9.524333	6.4982257
tnf_post_pie_b1_2_50_GGACGAAGTATTCGTC-1	-2.2342024	1.2236772
tnf_post_pie_b2_1_54_CAGGCTATCTTGTCTG-1	4.4293	6.5317464
fast_pie_b1_40_TTAGGCTAGCAAGGAC-1	-0.06496944	-0.41628638
fast_pie_b1_40_AAGTCTATCTGTTGCC-1	8.785383	6.440924
fast_pie_b1_40_ACCTAAGGTCATTACC-1	-2.6103425	1.5076206
fast_pie_b2_42_GTATTCAAGGTGAAGC-1	2.8627503	0.50437266
fast_pie_b2_42_GTATGTTCATAAGGAC-1	0.63906676	-0.3823368
HDa_AAGTTAGCAATATGGA-1	-1.8495593	2.4366302
fast_pie_b2_43_GGTGTCCAGTCCTTCA-1	9.819046	5.8686404
ibd_pbmc_pre_TATAGCCAGGTTACAC-1	2.5202806	1.2048072
tnf_pre_pie_b2_52_CAATCGCCACCTAAGC-1	9.703352	8.623104
fast_pie_b3_44_TGCACTTGTCGTTACT-1	0.5911071	-0.3111654
HDu_ACCCGTAAGGGTTATC-1	1.7792516	5.8542075
lgtd17_CCCAGTTTCCTTAGTT-1	8.025942	8.023844
lgtd18_CTCATTTAGGGTCTAT-1	1.1926407	7.5607104
tnf_pre_pie_b2_52_AGGATGCAGCGAGTAA-1	8.527151	8.329416
fast_pie_b1_40_CGCCTGTGTGAGCGAA-1	10.019587	4.2682076
fast_pie_b1_41_GTCCTCCCATGAAATG-1	-0.6889775	1.362533
fast_pie_b2_42_GCAAACCGTGGACCTG-1	4.279402	1.6667395
fast_pie_b2_43_AACATCATCGTTACTT-1	8.067586	-0.21433277
fast_pie_b3_45_CCAGGATGTCACAAAT-1	1.0280071	2.2716439
lgtd17_CCTATTTAGGTTTGAC-1	8.117358	8.347929
tnf_pre_pie_b2_52_GCGTTTCTCGCTATAA-1	3.9782686	2.675319
tnf_post_pie_b2_1_54_CTTAGGAGTCAGTAAT-1	10.209104	8.223894
HDad_TTCCTTCTCCTCCATA-1	-2.4837172	3.4028666
lgtd18_ACTTACAAGTTGGGCC-1	1.8116456	8.297073
tnf_pre_pie_b2_52_AATAACCGTACCTTAC-1	0.48438576	1.5985812
fast_pie_b1_40_TAGCAGGCAGCCTGCA-1	-0.844801	-1.9932685
fast_pie_b3_44_CTGTAACAGTCACGAT-1	-2.1644359	0.22890632
fast_pie_b3_44_GTTACAGGTTCCGGCT-1	-0.87855387	-0.79127455
tnf_pre_pie_b2_52_GCCTAATAGCTCCCTG-1	-2.9474783	3.721096
tnf_post_pie_b2_1_54_TACTAAGTCCTAATTC-1	-2.6192963	0.47361395
ibd_pbmc_pre_ATGAAGCCAAGTGTCC-1	2.8457096	1.6756773
tnf_post_pie_b2_1_54_ACCACATAGTAGCTTA-1	-3.747406	1.7923939
tnf_post_pie_b2_2_55_AGTTTGATCACTAAGC-1	2.8830976	2.1559782
tnf_post_pie_b2_2_55_GCCTTACTCTGTAAGC-1	-1.4775333	2.8224325
lgtd18_TACCAGGTCAGGATGA-1	1.8946449	8.368315
HDa_AAGACATAGCTACTGG-1	-2.5057	2.2636082
fast_pie_b3_45_TTTGCGACATAAGTTC-1	8.117986	3.201418
fast_pie_b3_45_TTACCTGTCACTAATG-1	0.0329073	-1.8993939
fast_pie_b2_43_CGATATTCAGTTAAAG-1	8.965809	5.3489733
fast_pie_b3_45_AATCCGTAGGTTTGAC-1	-0.85188437	0.24395335
ibd_pbmc_post_CTCTGTTCAAGGTCGA-1	0.40537426	1.2580694
lgtd17_CCTGAGTCAGCCTTGG-1	-0.69028574	4.307013
fast_pie_b1_40_GGCCTTAAGTTTCCTG-1	9.335553	6.7699656
fast_pie_b2_43_GTTTGTCGTCGAAGTC-1	10.126682	6.2009416
HDa_GCGGTTGGTGGATTCA-1	-2.3064265	3.1502392
fast_pie_b2_42_CGAGGAAGTCCGTGAG-1	9.740552	8.047329
tnf_pre_pie_b2_52_ATGTTTGAGGAAGCTA-1	-2.9647748	4.4819107
fast_pie_b2_42_CCAGGAACAATAATGG-1	1.579198	2.0028982
lgtd18_TTAGGCCCATTAAAGG-1	2.0279534	8.279357
tnf_post_pie_b1_1_50_GACTATTCAGGTCCTG-1	-3.1870937	3.8864198
tnf_post_pie_b2_1_54_CATAGCTAGGATAAAC-1	0.5585449	1.6830168
fast_pie_b2_42_GATGCGACAGCACGAA-1	7.489317	4.951454
tnf_pre_pie_b2_52_AGCTTGGTCCTGGTGA-1	7.3723035	6.6627645
lgtd17_CGTGCTGCAAGCTACC-1	-0.67605346	5.017376
fast_pie_b1_40_CAGGAAGGTTAGGCTA-1	-1.4200423	0.77652645
fast_pie_b3_44_TGTAAGCTCGAAGTAG-1	7.934781	7.176732
ibd_pbmc_pre_ATTCCGGAGTTTAACG-1	8.075119	5.452715
HDad_TAAGTAGCAAAGCTAA-1	7.709376	7.5179973
fast_pie_b2_42_CATGGCGGTTGCTTCG-1	0.80099064	-0.081693664
lgtd18_TCCATCATCTTGAGGT-1	1.3290703	9.293678
tnf_post_pie_b2_1_54_GATTACTCAATATACC-1	0.35568392	-0.87288254
fast_pie_b1_40_TGGCCATCATGTTGTG-1	9.491209	5.820454
tnf_post_pie_b2_1_54_GCAGGATAGGAAGCTA-1	-2.5538385	1.9835715
fast_pie_b2_42_ATTCGTTTCACATTGA-1	-4.792373	0.39052793
tnf_pre_pie_b2_52_GCGGTTGGTTAGGATT-1	1.5381734	2.4509118
lgtd17_TCGGTTTGTAAGGTCC-1	-1.7406718	5.4632015
fast_pie_b2_42_CATGCAAGTGATGAAA-1	2.2432873	2.0278769
fast_pie_b1_40_GATTGATGTTAGAGGG-1	-1.2145666	0.0692296
tnf_post_pie_b2_1_54_GGTTGCGGTCACAGCG-1	-1.2735697	0.40227374
fast_pie_b3_45_GTGCAAGCAATCTCTC-1	-0.07986076	-0.3511093
fast_pie_b2_42_TCATTGCGTGCATTTC-1	9.486801	5.4828205
lgtd17_GGGTTTGTCGAGCAAA-1	1.0944656	5.435905
fast_pie_b2_43_ACACTAGGTCATTGTC-1	5.2925234	1.5217577
tnf_post_pie_b2_2_55_CCTGAATAGTTTGCGG-1	4.244758	6.2578697
fast_pie_b2_42_CTCCTGAGTAAGGTCC-1	-1.2407465	2.7147923
fast_pie_b2_42_ACTAAAGCAATTGAGA-1	8.490588	5.533205
tnf_post_pie_b2_1_54_GGGCTAACACAATGCC-1	10.258455	7.9672794
lgtd18_GTTTGTCGTCCAAGAC-1	4.753406	8.352092
ibd_pbmc_pre_AAGTTACGTGCCGCAA-1	4.639586	2.3984694
HDa_GCGCAAACAAGTGAAC-1	-1.8642443	2.36357
fast_pie_b2_43_TGCTGGATCTAACCAA-1	6.8575125	1.7455124
fast_pie_b2_43_AACGACAAGGCTAGAA-1	9.0691595	6.8612576
lgtd18_GGGTGTTGTCAACAAT-1	0.12261343	8.633308
HDa_GACTAATGTAATCGTG-1	10.067112	1.5788006
lgtd17_GGTGTTGTCGCATCCT-1	1.8742179	6.908985
HDa_GTTACTCGTACTTCAC-1	-3.6591713	2.09041
tnf_post_pie_b2_1_54_GTTTACCGTAGGATTT-1	-4.712729	0.07173421
ibd_pbmc_pre_GTTCCCAGTCATAGAT-1	5.852995	1.9530044
lgtd17_TGGCTAAGTTTAGCGA-1	-0.500412	5.0205812
tnf_post_pie_b2_2_55_TGAGGCACAACTGGGA-1	4.7099633	7.1175647
fast_pie_b2_42_CTCCAACTCGCAAACT-1	2.1478179	-0.62131554
lgtd17_GCTAGCGGTTAGAGCC-1	1.7971547	6.2761064
tnf_pre_pie_b2_52_ACATTAGTCTAAGTGC-1	6.9760337	9.048947
HDj_AAGTGAAGTTTGAGGC-1	-1.647671	3.8205047
lgtd18_AATCGCCCAATTGACT-1	0.92002875	8.269308
tnf_post_pie_b2_2_55_CAGGACCTCATGCATA-1	5.19303	5.9429545
lgtd18_ACCCAACCAGCTAACC-1	4.889479	8.777591
lgtd18_TGTTATGAGCTTAGTA-1	1.4096063	7.766545
lgtd17_TGTTGTAAGCTAATCA-1	1.1022516	5.6814675
fast_pie_b1_40_TACAATGTCTATTGTC-1	5.090339	1.4471081
fast_pie_b1_40_AAGTTACGTTTGCGAA-1	3.3072894	1.2471755
fast_pie_b1_41_TAGCGGACATGCTATG-1	2.4531617	-0.6945735
HDa_AGTAACCTCTTGAGCG-1	0.15274104	2.8204596
fast_pie_b1_40_AGAACAAGTGCTAGAC-1	-0.4656103	1.3983679
fast_pie_b2_42_CTTCACTCATGACTAT-1	2.1303642	0.059037603
HDa_TCCATATTCACACAGT-1	-2.5551958	2.19366
fast_pie_b2_42_TAAGCCAGTGCTGTAA-1	2.2305377	4.452166
fast_pie_b3_44_GTGATGAAGATTCCTT-1	4.6469502	1.040488
fast_pie_b2_42_TCCTTCAAGCTTGCTC-1	8.841949	5.544136
HDv_TTGGGCCAGTTAGGCT-1	2.9212046	3.13007
tnf_pre_pie_b2_52_AGTAAACAGCTCCTAC-1	-3.4628034	3.8742297
fast_pie_b2_43_ACCAAGCGTTAACGAT-1	8.791586	5.2060704
tnf_post_pie_b1_2_50_CGAGGAAGTTAGCGTA-1	-1.0578337	3.2883923
lgtd17_GTCATGAGTGTGAGAG-1	-0.08009762	7.180405
HDad_ACTCACTGTGGCTTCC-1	-0.539366	2.4213843
HDad_GATGCTTAGTTAGCTA-1	9.921169	4.15741
lgtd17_AGCCTGGGTACTGAAT-1	-0.6382119	5.2020926
fast_pie_b2_42_CAGGATGCAGCCAGAA-1	9.304088	5.371384
lgtd18_ACCAGCTCAATTAGGA-1	0.8225206	8.542933
ibd_pbmc_pre_GCTGCACAGACTTATG-1	0.76653874	0.8385004
fast_pie_b3_44_GCTATTGCAGTAGCCT-1	-1.7721362	0.20353818
tnf_post_pie_b1_1_50_GGCCATCAGGTCTTGG-1	-4.7117276	2.5598714
fast_pie_b1_40_CTTCTAAGTATTTGCC-1	9.393679	6.5453205
fast_pie_b2_42_ACTTGCACAGCATGAG-1	2.1581573	-0.69516045
fast_pie_b1_40_CCCTGGACATAATGTC-1	0.17906909	1.2593772
fast_pie_b3_44_CGGTTTGAGCTTACTT-1	7.8016224	8.564412
HDa_ATGCAGGCAGCTAATT-1	-2.503357	2.4958956
fast_pie_b2_42_TCGTTAGCAGGCTACT-1	7.360838	8.834667
tnf_pre_pie_b2_52_AATCTTGAGCGCCTTT-1	2.6765068	2.4704328
tnf_post_pie_b2_2_55_CTATAACCATCCCGCT-1	10.196347	3.8524535
fast_pie_b2_43_CAGCCTTTCCCTGGTT-1	1.4874791	-0.9516488
fast_pie_b2_43_TCTAACCGTTCCGGCT-1	8.176063	3.4261546
ibd_pbmc_pre_CGTAGCGGTACCGTAA-1	3.9429762	2.5224712
tnf_post_pie_b2_1_54_AGTGGACAGGACCTGC-1	4.650644	1.0315905
fast_pie_b1_40_CCTCAGTTCAAGCCTG-1	5.5185933	0.6628621
tnf_pre_pie_b2_52_CCCTTAATCTGTAAGC-1	-1.7183856	3.8563213
fast_pie_b2_42_GTTCGCGCAAGGCCAA-1	0.08290047	0.79465765
tnf_post_pie_b2_2_55_TCTACCTCAACAGCCT-1	9.162755	6.3801594
lgtd17_ATATGGTGTTCCGGCT-1	7.0920296	8.025302
fast_pie_b3_44_CCTATAGCACCCTCAC-1	5.2004523	1.1597638
lgtd17_GTTACGTAGCCACAAT-1	-0.78540885	4.8169274
fast_pie_b2_43_GTTTGTTTCGATATTG-1	3.0763607	-0.4384858
lgtd18_AACTACTCATTGACAT-1	0.4175266	8.400974
tnf_pre_pie_b2_52_TCCTTAGTCATGGCCA-1	0.22590193	2.8390462
tnf_pre_pie_b2_52_GCTTAACAGGGACTAA-1	2.4855807	2.397068
fast_pie_b1_40_ATTCCTCCATCCGTAA-1	10.813477	6.326188
tnf_post_pie_b2_1_54_GTACACCCACCAAAGG-1	9.095851	1.8695927
lgtd18_GAACGAATCATAGCCG-1	0.18085206	8.87229
ibd_pbmc_pre_AATTTGGTCTCGACCT-1	10.757839	6.0608397
tnf_pre_pie_b2_52_GAACCTGTCCTTAGTT-1	-2.2307434	3.6238508
fast_pie_b1_40_GCAAACCGTACTGAAT-1	7.5345035	3.3514116
tnf_post_pie_b2_1_54_CGAGGTGAGTTAGTTG-1	1.0923324	2.2266421
lgtd17_CATAACGGTTATCGAG-1	0.15255328	4.659717
tnf_pre_pie_b2_52_CGAGGAAGTGCAACTA-1	3.8643441	2.3791893
HDad_CACCTCAGTAAACAAG-1	0.23265375	4.3692737
tnf_post_pie_b1_2_50_TCTAGCCTCCGTTAAA-1	2.1001883	1.1112548
lgtd17_GATTGGCGTTAGTACG-1	6.8264093	6.7848535
fast_pie_b3_45_CTTCAAGCAGGCTTCG-1	9.051273	5.845433
fast_pie_b1_41_ACCAGGGAGAATCTCA-1	0.7599332	2.3776665
fast_pie_b3_45_ATCGCTTGTGTGTCCC-1	1.8887621	2.1346161
fast_pie_b3_44_GTTAACCAGAGGAGTC-1	10.109752	7.0088277
HDv_CTAGTAGGTACCTTAC-1	-0.18817638	1.6937188
fast_pie_b3_44_GATTAAGCAGAAACGT-1	-0.3359755	-1.5420485
fast_pie_b2_43_GGAACTAAGGATTGAG-1	-0.12891032	-0.37842858
lgtd17_GCAGCTATCAATGTCA-1	1.8408638	4.512488
fast_pie_b1_40_AGATGCTTCCTTGCAC-1	-1.2771287	1.1327747
fast_pie_b3_44_CAAAGCGCAGTACCGT-1	1.2551724	2.5396652
lgtd18_AAACCGCGTTGGATAT-1	1.6390114	9.039819
tnf_pre_pie_b2_52_TGACCAAGTTGTAACG-1	3.841481	2.7933624
lgtd17_CAGGTGGAGTTGTCAA-1	1.2122644	5.7071834
fast_pie_b3_44_GCTTATCGTCCACAAA-1	-1.8452867	0.0028800874
lgtd17_AAGTGTTGTCACCAAA-1	6.3846173	8.692906
tnf_post_pie_b2_1_54_GGGTGTTGTAATGACT-1	4.581761	6.270691
lgtd18_TCCTGTTCACTAGCGT-1	1.8949512	8.338772
tnf_post_pie_b1_2_50_AGTAGCTTCCTAAATG-1	0.59350485	4.9333944
fast_pie_b3_44_ACCCTCCCAGATTCAT-1	-3.730762	2.0568962
fast_pie_b1_40_CGCAATCCATCACTTC-1	1.3928015	-1.0342444
HDa_TTGACGTAGCGAGCGA-1	-3.0276341	3.705996
fast_pie_b2_43_CTAGATTCAAGGTCCT-1	3.1074605	-0.728016
fast_pie_b1_40_GGCTGGTTCGCAGGCT-1	8.846523	7.3552527
fast_pie_b1_41_GTCCTCAGTTCGCTTG-1	10.007421	6.6671243
fast_pie_b3_44_TCTCCTCGTTTGTCTA-1	9.636295	6.2545133
ibd_pbmc_post_GTAAGGTCATCCCGCT-1	-3.9420803	2.965069
ibd_pbmc_post_GGAACCTGTAGGTTAT-1	0.827032	1.7328221
lgtd17_CTAATCCGTCCCGGAA-1	2.1879957	6.3017755
lgtd18_TTCCACGGTTACCGGG-1	1.8080165	7.9276986
tnf_post_pie_b2_1_54_ACTCCTCAGAATCTCA-1	4.8321857	5.3160253
tnf_post_pie_b2_1_54_TGGATTGGTCATCAAG-1	4.6020155	0.9607396
lgtd17_CGAAGCCTCTGTAAGC-1	8.34438	7.955062
tnf_pre_pie_b2_52_TACGCTTGTAGCCTCC-1	0.9188402	1.7136588
fast_pie_b1_40_GGAACTAAGCAAGACA-1	8.569834	7.589838
lgtd18_CCCAAATAGAAAGGAA-1	1.378821	7.4812346
tnf_pre_pie_b2_52_ATACCGGTCGACAAAG-1	2.131141	2.1165216
fast_pie_b3_44_AACCGCTCAGCCTAAC-1	10.121723	8.015332
tnf_post_pie_b2_2_55_CATCCTTCAGCATGAG-1	10.026977	7.798357
fast_pie_b2_42_AAACCGCGTAGGATTT-1	6.4081817	1.7349501
fast_pie_b3_45_TATGCATCATTTAAGC-1	-0.5107791	0.060140938
lgtd18_AGCTACTAGTAACTCA-1	1.3075225	7.4439845
fast_pie_b1_40_TTAGCTGCAGCGCTTG-1	1.0539914	2.2842276
tnf_post_pie_b2_1_54_GTCAGGCTCGTTCACC-1	-3.5152256	0.6042881
lgtd17_CAGCCTTTCCTGGTGA-1	1.8968444	4.2547464
tnf_post_pie_b2_2_55_AATTGTGTCAAGGACA-1	-0.0477426	1.7705061
lgtd18_AGCACAGCAGCAAGAT-1	0.41804525	8.639626
ibd_pbmc_pre_AAACAGCCAACTGGGA-1	0.92999077	1.2467114
fast_pie_b2_42_TTTGTGGCACAGCCAT-1	1.4157217	-0.7187056
HDa_ATTCCTCCATGTTTGG-1	11.351731	7.430076
ibd_pbmc_post_AGGTTAACATAATCGT-1	1.9263818	1.5651798
tnf_pre_pie_b2_52_TAGTTTGAGTTGTCCC-1	7.9129834	6.6685753
tnf_post_pie_b2_2_55_CGGCCATAGGTCCTAG-1	10.33863	7.631952
ibd_pbmc_post_GAGAGGCGTAGTTAAC-1	9.858301	7.661203
fast_pie_b3_44_CTCATCATCAGTGAAG-1	-3.8045058	1.751121
lgtd17_CTCCTGAGTCGTTACT-1	0.41195026	4.957943
fast_pie_b2_43_CATAACGGTCGCGCAA-1	9.559882	4.8755865
tnf_post_pie_b1_2_50_AGCGCCTAGCTTACTT-1	2.2238333	4.084282
fast_pie_b1_40_TCCTTTACAGGCTAGA-1	9.078471	8.146954
tnf_post_pie_b1_2_50_GATTAGTGTGATGAGG-1	1.3832691	-0.70515627
lgtd17_TGTTATGAGGAGGGTT-1	0.9439437	6.0811167
tnf_pre_pie_b2_52_CCTTCAGGTTAGGATT-1	7.190148	4.668424
fast_pie_b3_44_AGACTATGTGCTCCGT-1	7.5424557	0.6252267
tnf_post_pie_b1_1_50_CTTGCAACACGTGCTG-1	2.9131086	1.5719545
fast_pie_b2_43_GCCTCGACACTAGCGT-1	9.528193	7.7046347
HDj_GCAGCAACAACAGGAT-1	-2.2446392	3.2834907
ibd_pbmc_post_GTCCAAGTCAGGTCCA-1	-2.8570037	0.42539954
fast_pie_b2_42_GGTACCGGTCCTTCAG-1	2.2831688	0.6711346
tnf_pre_pie_b2_52_CGTGAGGAGGACCTGC-1	2.26271	2.7383027
tnf_pre_pie_b2_52_ATTAACCCACCTATAG-1	4.7112837	4.8562417
ibd_pbmc_post_TCGCTAACACATGCTA-1	5.8160596	1.6919682
tnf_post_pie_b2_2_55_TGATTAGTCTTGAGCG-1	-2.645616	3.9134784
lgtd18_GAGCAAGGTAGCCTCC-1	3.3735023	8.535448
tnf_pre_pie_b2_52_TCATACTTCCGGCTAA-1	8.587463	6.692748
lgtd17_GGATTATGTCTTACTA-1	0.9329394	2.95655
fast_pie_b3_44_GACTCACCACTTACAG-1	-1.9098393	0.7340973
tnf_pre_pie_b2_52_CGTTGCGCAATCGCAC-1	8.322125	6.2675395
fast_pie_b2_43_CGTGCACAGCTCATAA-1	7.0488167	3.5521162
fast_pie_b2_42_GCTGCAATCAGCAAGA-1	7.074261	7.4666
fast_pie_b3_44_GCGAAGCCATGTTGTG-1	0.43049625	1.6887052
fast_pie_b1_41_CTAGATTCACATAACT-1	7.7362947	0.2939972
tnf_post_pie_b2_2_55_CCAGCTAAGGGTGAAC-1	3.642012	5.9221864
ibd_pbmc_pre_CGCTACTTCCTGATGG-1	2.8895845	0.49591222
HDa_ATAGGTACAGCGCTTG-1	-0.883059	2.1893814
lgtd18_CGGTGAACAAGCTTAT-1	1.7696393	8.528748
tnf_post_pie_b1_1_50_GATCAGGCAAACATAG-1	9.58856	8.882872
tnf_post_pie_b2_1_54_TGGCCTGCACCTGTAA-1	4.8856535	5.995608
HDad_ATCCTTAGTTCGGGAT-1	0.5557553	3.979861
lgtd18_GGACCTCAGTGAACGA-1	0.97488475	8.165377
tnf_post_pie_b1_1_50_GTGTAACTCGAGGAGT-1	9.090709	8.673408
tnf_pre_pie_b2_52_GTCATCCTCCAATAGC-1	7.228618	8.892411
tnf_post_pie_b1_1_50_TGAGGGCCAAACTCAT-1	8.228801	6.7786613
ibd_pbmc_post_ACTCCTCAGGGTGAGT-1	10.011878	5.851894
fast_pie_b1_41_AGAGAAGCAACAGGAT-1	8.42368	-0.03388086
fast_pie_b2_42_TCAGTAATCGATTCTT-1	-1.6611862	1.0029265
lgtd18_GCCCATAAGTCACGAT-1	1.8450716	7.695001
tnf_post_pie_b1_1_50_CCTAAGTAGGGCCATC-1	11.407161	7.3590975
fast_pie_b2_42_CACTAAGGTACTTAGG-1	-1.7167548	0.63062936
fast_pie_b1_40_AACTAGTGTAAAGCAA-1	-4.3162217	1.9690166
fast_pie_b2_42_TGCTTAAAGTAACCAC-1	-0.9229677	1.7060889
tnf_pre_pie_b2_52_GGCTGGTTCTCACTCA-1	-0.55979246	4.56601
HDa_GGCGGTAAGGTTACAC-1	-0.56445163	2.5877295
fast_pie_b2_43_ATTTGCAAGAAAGGAA-1	3.2393389	-0.17547347
tnf_post_pie_b1_2_50_ATGATGGAGTGAGCAA-1	1.8265965	2.7787545
tnf_post_pie_b1_1_50_TTGTCCCAGCATTAGC-1	9.9162655	3.918549
lgtd18_AGGGTTGCACAACCTA-1	1.0126574	9.130019
tnf_pre_pie_b2_52_GTTACTAAGGTGCTGC-1	1.7778012	1.859642
fast_pie_b1_40_AAGGTATAGGCCTTAG-1	0.46543434	-2.1560829
fast_pie_b2_42_AATCATCCAATTAACC-1	-1.3143837	1.0964607
ibd_pbmc_post_CATCCTTCAATAAGCA-1	-0.98805887	-0.7166079
tnf_post_pie_b2_2_55_CCGACAGGTGAAACAA-1	2.5642004	1.0581877
HDa_GCGGAACCAGAAATGC-1	-2.1377714	2.3855188
tnf_post_pie_b2_1_54_AAGTTACGTTGGTTCT-1	-0.4828527	0.47058043
fast_pie_b2_42_CTCATGACAAGCTAAA-1	-4.5796237	0.12200335
fast_pie_b3_44_GTTCCTGGTCACAGAC-1	10.133423	7.627677
fast_pie_b3_44_GGCGGTTTCCTTCGTA-1	8.271206	4.053063
lgtd18_CCAGGAACATTGCGAC-1	3.4933026	6.3373575
fast_pie_b1_40_AAGCAAGTCAATCTCT-1	4.166267	2.2866082
fast_pie_b2_42_CAATGACTCAAGGACA-1	2.1284192	0.4165371
fast_pie_b2_42_CGGGACAAGCCTCTCG-1	1.6600988	3.0236661
lgtd18_TAGTAGGAGTAGCGGG-1	2.3144941	7.9227085
tnf_pre_pie_b2_52_CATGAGGCAAAGGCCA-1	9.203134	4.7148275
tnf_post_pie_b2_1_54_TAGTACGGTAATCGCA-1	-5.069072	0.21660729
tnf_pre_pie_b2_52_CAGCTAAGTAATCACG-1	-0.9570417	-0.9573018
HDa_TTGGGTTAGACTATTG-1	-0.45867932	2.325276
lgtd17_CTCATGCTCTTGAGGT-1	1.7113872	4.3894773
tnf_post_pie_b2_1_54_TATTCGTTCCATCAGG-1	7.862028	4.1273146
lgtd18_GCCTGTGCAGGGAGGA-1	2.3493552	8.74569
fast_pie_b1_40_AGTCCTTGTTCAAGCA-1	2.0964622	1.5559567
fast_pie_b3_44_ACCCAACCATGTCAAT-1	8.454637	0.04202279
lgtd17_ATGAGCCGTTAATGAC-1	1.669386	7.1971145
lgtd17_AGGATGTCAGCATGAG-1	0.09382651	4.9242177
fast_pie_b2_42_GGTAATTGTTCAAGCA-1	1.3593833	-0.16160361
tnf_post_pie_b1_1_50_CCAGGATGTACCGAAC-1	9.686904	8.893276
fast_pie_b1_41_TGGTTGAGTACGTTTC-1	-3.86399	2.6092994
ibd_pbmc_post_TGCTCAACATTATGGT-1	10.423086	6.0348516
fast_pie_b2_43_TTGTCCCAGGTCCTGA-1	8.538776	0.75434893
HDad_GGCGATACAGGGAGGA-1	-1.2985613	4.3320513
tnf_post_pie_b2_2_55_GAGGGAGCACCATATG-1	0.5096486	2.0233796
fast_pie_b2_43_CCCAGCACAAACTCAT-1	8.436479	0.45635173
fast_pie_b1_41_CTTGAATCAACACTTG-1	-2.5057979	0.12136518
fast_pie_b2_43_TACGTAATCTTGAGCG-1	0.42582184	1.6312217
fast_pie_b2_43_CCAGCTGCACAGGAAT-1	-0.8587672	-1.9297932
lgtd17_ACACTTAAGTAATCCA-1	-0.04200725	8.079174
fast_pie_b2_42_GCCTGAGGTGGTTATG-1	-1.1640971	1.1771551
fast_pie_b3_45_CAAGGCTGTGAGCAAG-1	8.633683	8.773921
ibd_pbmc_post_GGTTGAGCATCAGTAT-1	8.523689	8.295295
fast_pie_b1_40_GACTTGGTCTAAGGTC-1	7.844003	0.5220569
fast_pie_b1_40_GCTGGTTCAAGGTGGC-1	7.8471694	0.5543413
HDa_TTAGACTCATGAATAG-1	11.100103	6.282831
tnf_pre_pie_b2_52_GCGGATACATAAGTCT-1	8.525675	7.3616295
tnf_post_pie_b2_1_54_CTTCAAGCAAATTCGT-1	5.8327675	1.859641
tnf_post_pie_b2_1_54_AGCGGATAGTCAATCA-1	9.564876	5.6586356
fast_pie_b1_41_ATTGCACAGACAAACG-1	9.897969	6.982731
fast_pie_b2_42_CTACTAAAGTTAGCTA-1	-0.73096746	1.5607125
fast_pie_b2_43_CGCAATAGTTATTGCC-1	1.0831907	-0.20162344
fast_pie_b3_45_CTAAGGTTCCTGGTCT-1	-1.3282672	-0.30265903
fast_pie_b3_45_TACCTGCTCACGCGGT-1	-2.422247	2.9959893
fast_pie_b2_42_AACTAGCTCAGCACGC-1	1.3994659	-1.5814735
tnf_post_pie_b1_2_50_CCATAAATCACAAGCT-1	11.361386	7.0927787
lgtd17_GCTCTGGCACTTACAG-1	1.9828279	7.042001
ibd_pbmc_pre_TCGTTTCCAGATAGAC-1	8.790365	8.453054
ibd_pbmc_pre_AGTAACGAGGCTTAGT-1	2.4100225	0.83178324
lgtd18_ACGTCCAAGTTGTCAA-1	0.6588279	8.997946
fast_pie_b2_42_GTAGCGCTCATAAGCC-1	6.224792	0.8388211
fast_pie_b1_40_TATGAAGCAAACATAG-1	5.011214	1.5132763
tnf_pre_pie_b2_52_CGAGCTGGTAGTTAAC-1	8.543855	8.91238
lgtd18_CTACCGGCATCGCTCC-1	2.1366553	8.24663
tnf_post_pie_b2_1_54_GCCTCAAAGCATGTCG-1	9.325649	2.0932527
fast_pie_b1_40_GTTGCATAGTAGGATG-1	2.0765288	-1.2737815
fast_pie_b1_40_CTAATAGTCATGACCG-1	9.440268	6.643682
fast_pie_b2_42_TCCTTTACATTGCGAC-1	4.351853	1.3205479
fast_pie_b3_45_ACGTACCCAGCACCAT-1	-2.4755156	0.3515378
tnf_pre_pie_b2_52_ACCCAACCAAGGGTTG-1	9.071655	2.35299
tnf_post_pie_b2_2_55_CTGTTAAAGATACTTG-1	-1.6032364	-0.19079202
tnf_pre_pie_b2_52_AGCAAGGGTAGGTTGC-1	5.1199617	3.3568385
fast_pie_b1_40_CATGGATTCATCCTGC-1	-5.436454	0.8639442
fast_pie_b3_44_TGTCAGTAGTGAACGA-1	-0.09614888	1.3676044
fast_pie_b3_45_ACGACTTAGGCGCATC-1	2.4507794	-0.22916833
tnf_post_pie_b2_1_54_GTTTAGCAGGAAACTG-1	1.9376677	-0.17195581
fast_pie_b1_41_TTTCATCAGCGCCTTT-1	0.34265304	-0.7217878
lgtd18_TCACATAAGGTCGAGG-1	2.7624202	8.9373045
tnf_post_pie_b2_1_54_TAAGGACCATAGCGGA-1	8.615256	8.552226
fast_pie_b2_42_AACAGGATCGATATTG-1	0.27316388	1.9140944
tnf_post_pie_b1_2_50_GGAGTGAGTTTATGGG-1	8.044085	9.046172
tnf_pre_pie_b2_52_TGAACAGAGACAGGCG-1	-1.3138254	4.526301
lgtd17_TGGACCGGTTCAAGAT-1	-2.3036468	4.6939974
fast_pie_b3_44_CAAACATGTTAGGCGT-1	1.5694392	0.3669299
ibd_pbmc_pre_GTGGCTTCACCGGCTA-1	2.4880958	0.24598648
fast_pie_b3_44_AGATGAAGTTGTGACA-1	7.257662	7.220241
tnf_post_pie_b1_1_50_CTCGTTATCATGTTTC-1	2.5068438	1.8155509
fast_pie_b2_43_AGAATCGAGCTATGAC-1	-3.8120878	0.38058096
tnf_post_pie_b2_1_54_CCTGAGTCATGAATCT-1	5.5947566	0.49448875
lgtd17_AAAGGACGTTCCATTA-1	2.1837525	4.8418655
fast_pie_b1_40_CTTACCGGTTGACTTC-1	0.86943305	-0.6852959
fast_pie_b2_42_AGCTTAATCTACCTGC-1	2.1380696	-0.5613455
ibd_pbmc_post_CAACCGGGTAGGTTGC-1	0.7213626	0.32008195
lgtd18_TAGTAAGCATAGCGAG-1	4.7580037	7.89187
tnf_post_pie_b2_1_54_TTGGGCGGTGTGAGAG-1	6.086554	8.308202
fast_pie_b1_40_GCCCATAAGCTACTGG-1	9.002845	6.3401656
tnf_post_pie_b2_2_55_CCACAGGGTATTGTGG-1	-2.9736917	1.5699556
fast_pie_b2_42_CGTGCTGCATCTTGAG-1	7.5616765	7.0983095
fast_pie_b3_44_TCACCGGCAGGAACAT-1	8.749472	6.4461794
fast_pie_b2_42_GGCCGTTAGTAAACCC-1	8.828864	8.460329
tnf_post_pie_b1_2_50_AAGTGAAGTCATAACG-1	-3.3656878	4.144862
fast_pie_b2_43_GATCAGTTCAATACGC-1	1.1105449	-0.42963743
fast_pie_b3_44_CTTGCAACATGGCCTG-1	-0.916355	1.6053406
tnf_pre_pie_b2_52_CTCCAAACATAGACCC-1	4.981975	5.244646
lgtd17_ACCAAGCGTGCAATAT-1	0.4931433	5.1781826
lgtd18_CCTAATCGTAGGATTT-1	4.369557	8.689199
fast_pie_b3_44_TTGGGCCAGCAAACCT-1	1.747763	-1.0766321
tnf_pre_pie_b2_52_GTTTAGCAGCGCCTTT-1	4.162812	2.738874
tnf_post_pie_b2_1_54_GAGATAAGTCTCAGCC-1	7.688434	0.15916415
fast_pie_b2_42_TAGGTTATCATGAGCT-1	9.385538	2.0203202
fast_pie_b2_42_AGTTACTCACGTAAGG-1	4.214402	1.2726659
fast_pie_b3_44_CGCTGTGCATGGAGGC-1	-0.7767874	0.5218503
tnf_post_pie_b1_1_50_AGGGTTGCAAGCCAGA-1	-1.316209	4.687454
lgtd17_AAAGGAGCAAACTGTT-1	1.4126643	5.041745
ibd_pbmc_post_TATCGCGAGGCATTAC-1	9.566851	8.396916
HDa_TAATTGCCAGCCTTGG-1	-0.5489206	2.8401682
fast_pie_b1_40_ACGCCACAGGACCTGC-1	8.196063	3.578274
fast_pie_b1_41_CTTTAGGCAAGGTGGC-1	0.79543966	1.8080428
lgtd17_CAATGAACAAACAACA-1	1.9094162	4.2388973
tnf_post_pie_b2_1_54_GTAGCGCTCGACAAAG-1	5.180489	7.306334
fast_pie_b1_40_TATGACATCTAGCGTG-1	5.525547	2.1872406
lgtd18_TATGGGCGTGCTAGAC-1	1.9512016	8.957325
lgtd17_AGCCTAAGTTAAGCTG-1	-0.519959	4.948019
fast_pie_b3_44_GCCGTGAGTTAATCGG-1	-0.36282858	0.8064134
fast_pie_b1_41_TCCTAGTGTTCACCCA-1	-3.9022179	2.4731984
lgtd18_GATTACGGTGCTTTAC-1	1.3218588	7.6999316
fast_pie_b1_41_TGTGCTGAGTATGTGC-1	-5.5569925	0.39919096
lgtd17_CTCAATAAGCTACTGG-1	1.912472	5.1136417
ibd_pbmc_post_GGTCATTAGCTCCTTA-1	-4.937385	0.24785349
tnf_post_pie_b2_1_54_TCAAGTATCGTACCGA-1	7.902029	-0.34849754
fast_pie_b1_40_ATGAAGCCATCGCTTT-1	-1.2323818	-0.6073499
fast_pie_b3_44_CTTACTAGTTGTGATG-1	-0.4809431	1.4398737
ibd_pbmc_post_TGTATCGCAGTAGGAT-1	9.051748	5.7369757
fast_pie_b2_42_AGTGCACGTTCAAGAT-1	5.6745343	2.3692207
fast_pie_b3_44_TCCTTTACAGATAGAC-1	-1.9890404	0.13149749
fast_pie_b3_45_GTTGGCCAGCAAGGAC-1	1.1134117	0.95439225
tnf_pre_pie_b2_52_GCTGAGGAGTTATGGC-1	7.1149616	3.4298646
fast_pie_b3_44_CAGGACACATTGCAGC-1	1.5211247	0.2882166
tnf_post_pie_b1_1_50_TCTAGCGAGTTACCGG-1	8.324506	7.705052
tnf_pre_pie_b2_52_GGCATGGAGAAAGCAT-1	9.434231	1.3200247
lgtd17_TCGTAATCAAACGCGA-1	1.1831537	5.705395
fast_pie_b1_41_GCAGGATAGTATTGCA-1	1.207615	0.6388558
tnf_post_pie_b2_1_54_TATCACGCAATAATGG-1	4.1719737	6.2358575
lgtd18_GCTGACCAGGCATGTT-1	1.9950312	8.663704
HDad_TCCGGAATCACTAGGT-1	0.1322207	3.486501
fast_pie_b1_40_GCTTAGTAGCCTGATG-1	-1.4982622	0.20672524
fast_pie_b3_44_CGGACAACACTAAGCC-1	4.6998224	1.6503698
fast_pie_b1_40_CTTTAGGCATAAGTTC-1	10.938759	7.355818
ibd_pbmc_post_ACGTCCAAGCTTTGTT-1	-4.029558	2.7269168
fast_pie_b2_42_ACTCGCTTCGCAGGCT-1	0.10064367	0.2803711
ibd_pbmc_pre_GGAACGGTCGCTATAA-1	0.99199617	-1.4883655
fast_pie_b3_44_TACTGCACACTGACTA-1	-0.89871764	0.15083018
fast_pie_b3_44_TGCTAGCCATGCAACC-1	1.4083065	0.57366306
tnf_post_pie_b2_2_55_ATTCACTTCGTGCCTT-1	4.6363564	6.3038197
ibd_pbmc_post_GGACGAAGTGGGTACT-1	9.048315	6.2836976
fast_pie_b1_41_TACATCAAGCGGATTT-1	8.471587	8.312686
lgtd18_TAGTAAGCACTAGCGT-1	4.827529	8.584848
ibd_ilc_pre_TAAGCCAGTTTACCGT-1	10.269586	5.029763
HDv_TAATGGACAACTCGCG-1	7.0210676	8.20711
fast_pie_b2_42_GCAAACAAGGAATAAC-1	0.9543014	6.736201
tnf_pre_pie_b2_52_GGTTACTAGAAACTGG-1	8.396895	0.7273241
tnf_post_pie_b2_1_54_GTTGGAGCACTCAACA-1	4.3889008	6.4215345
fast_pie_b2_43_TGAGCTTAGTCGCTAG-1	-4.9229145	0.44062778
lgtd18_CAGGTTTAGCACTAAC-1	0.880424	9.274136
fast_pie_b2_43_GGAGTGAGTCGCATAA-1	-1.7537711	2.3276725
lgtd17_GCTCCTTAGCCAGGTC-1	0.13930416	5.8929424
fast_pie_b3_44_AAAGCACCATACCCGG-1	5.5760365	2.2619326
fast_pie_b2_42_CCACATTGTTTGCTGT-1	-1.669233	1.1733714
tnf_pre_pie_b2_52_GCTTACCTCCGCAAAT-1	4.048146	1.8580295
tnf_post_pie_b2_1_54_CAGGACCTCGCTTCTA-1	9.731315	8.513511
fast_pie_b2_42_TTAGCTGCAGCCTGCA-1	-3.1719322	0.71000016
fast_pie_b1_41_TCTCCTCGTTGAGGTC-1	-1.2559023	0.24876828
HDj_TATGGGCGTTTAACCC-1	3.5392835	2.9158862
tnf_post_pie_b1_2_50_TTAGGCGTCTTGAGGT-1	-4.7307897	1.9612432
fast_pie_b1_40_CTTGTCCAGTTAACCA-1	10.410332	7.4464684
fast_pie_b1_40_GGCTTAAGTCATAAGT-1	-1.8723345	1.3985578
fast_pie_b1_41_AGTGTGGCAAAGGCCA-1	8.2970915	7.052692
lgtd17_TTGTCAAAGGCCAATT-1	1.4198805	5.017403
tnf_post_pie_b1_1_50_GGTAGGAGTTCCGCAC-1	8.380282	8.968456
fast_pie_b1_40_TGCATCCTCATTAGGC-1	0.32195488	0.4523723
tnf_pre_pie_b2_52_TTTATGGAGGGTCTAT-1	5.4342027	1.4692259
fast_pie_b1_40_CGACCTGCATCAATCG-1	0.9461973	0.8399848
tnf_post_pie_b2_1_54_AACAGATAGTAAAGGT-1	10.980167	7.8104787
fast_pie_b2_43_CGACAAGCAGAAATTG-1	5.019807	2.398738
lgtd17_GACACCGGTCATGAGC-1	-0.47290248	5.2732267
fast_pie_b2_42_TTCCTTGAGGATGATG-1	3.1557045	2.8504176
lgtd18_AGGCCCAGTCACACCC-1	1.6168512	7.7636576
tnf_post_pie_b1_1_50_CGAAGTAAGGAGGTTA-1	9.231019	8.352374
fast_pie_b1_41_GCAAACTTCTTAAGTG-1	-3.1760714	3.7749958
tnf_post_pie_b2_1_54_TGTTGCACATCCGTAA-1	0.46860126	3.8324966
tnf_post_pie_b2_1_54_CCCTCACCATGCATAT-1	5.750057	2.0750787
fast_pie_b3_44_CAGGAAGGTCCAAATG-1	-1.8288138	0.09411115
fast_pie_b1_41_TCGTAATCACTAAGCC-1	9.649109	6.881762
HDad_CTGGTTTGTGATGATT-1	1.2454388	2.013789
tnf_post_pie_b1_2_50_GTCTCACTCACCAATA-1	-2.5063229	2.6703246
tnf_post_pie_b2_1_54_ACAACAACAATTTAGC-1	-2.889528	0.5464534
ibd_pbmc_pre_TTATGCGCAATCTCTC-1	2.360162	0.48296985
lgtd18_CACATAATCTGGTCCT-1	0.9282276	2.3494158
lgtd18_TTCATTCAGGCTACTG-1	1.9657378	8.777489
fast_pie_b3_44_CTATAACCACAGCCAT-1	9.681463	5.9296465
tnf_post_pie_b2_1_54_GAAACCCGTTAGGTTG-1	10.050284	7.4921384
fast_pie_b3_44_CTGTTGGAGGCCTTAG-1	-1.3544551	-0.013005405
fast_pie_b1_40_CATTGCGAGGGACGCA-1	1.3839873	0.6329388
tnf_pre_pie_b2_52_TTTCATCAGGGCCACT-1	5.645098	6.506835
ibd_pbmc_pre_TGGCCTTTCAGGAACA-1	2.7338734	0.53723997
fast_pie_b2_43_GTATCGCCACAATACT-1	4.687825	1.400848
lgtd18_ACAACAACATGAAATG-1	2.117387	8.358712
tnf_pre_pie_b2_52_GAGTGAGGTTCCTCCT-1	2.159752	3.1125665
fast_pie_b1_40_GACATAGAGGCCATCA-1	10.83548	6.906542
lgtd17_AAAGGACGTGCTGTAA-1	1.3838713	5.624393
lgtd17_GCCTGACAGTAGCGCC-1	0.9339511	5.024725
fast_pie_b1_41_CCGCAAATCCCGTTTA-1	1.3780093	-1.9707937
fast_pie_b2_43_TGAGAACCACGGTACT-1	4.387964	2.3655298
fast_pie_b2_42_GATTAGTGTTACAACG-1	3.556581	2.7572296
tnf_post_pie_b2_1_54_TATTACCTCCGGTATG-1	1.7144254	1.3926393
lgtd18_CGTTAAATCTAAGGAG-1	4.623599	8.217605
tnf_post_pie_b2_2_55_ATTTGTGAGAGGAAGG-1	0.14270994	2.47297
tnf_post_pie_b2_2_55_TTGGCTGAGCGGTTAT-1	7.0706835	8.05457
fast_pie_b3_44_ACCCAACCATATTGAC-1	0.21097623	-0.36205575
lgtd18_GTTGTGAGTCACAGAC-1	0.7182987	8.812183
fast_pie_b1_40_TTATGCGCAAACATAG-1	1.2412246	0.15916145
fast_pie_b1_41_GGTCCGTAGATAACCC-1	-4.893514	0.58061063
lgtd18_TAAGCCAGTTGCATCT-1	4.7457685	8.506619
lgtd17_ATGCCTGAGCATGCAT-1	1.3790747	5.0626574
fast_pie_b1_41_CGATTTGCATAAGGAC-1	0.8458179	0.29864335
ibd_pbmc_post_ACACAATGTGTTAAAC-1	9.954868	1.5184015
lgtd17_TCATTGTTCCTAATTC-1	0.20635942	4.2107134
fast_pie_b3_44_CCAGCTAAGGTTTGCG-1	1.6092849	-0.01845127
fast_pie_b3_44_AGCAAATAGGAACACA-1	-2.2476583	1.2150611
ibd_pbmc_post_TGGCCTGCAGGCATGA-1	-4.091606	1.1731933
tnf_post_pie_b2_1_54_GCCTAATAGTAACTCA-1	10.241573	6.432038
lgtd17_CTCACAACATTTGCTC-1	1.5120451	4.174488
ibd_pbmc_pre_GTCCGTAAGTAACTCA-1	1.9124556	0.93031186
fast_pie_b2_42_ACGGGAAGTGTTTGCT-1	5.947499	4.516097
fast_pie_b3_44_CTAATGTCAATTGACT-1	0.10363233	0.18834266
tnf_pre_pie_b2_52_CGGGCTTAGCACAGGG-1	7.7205644	7.218482
fast_pie_b1_41_ATGCCTGAGGCTGGCT-1	8.966155	8.727199
HDad_CATCAATCACTAAATC-1	3.9766653	2.4142916
ibd_ilc_post_AATCATCCAGAACCGA-1	5.1885324	1.5402999
tnf_pre_pie_b2_52_GGTCGGTTCGTTAACA-1	9.749261	4.3175344
tnf_post_pie_b2_1_54_GTCTTTGTCCAATAGC-1	10.48075	7.246093
tnf_post_pie_b2_1_54_TAAGTAGCATTGTGCA-1	9.786028	6.625595
fast_pie_b3_44_ACTTGTCGTCGCATAA-1	8.5166645	-0.083819106
fast_pie_b3_44_AGCAACAAGGTTACGT-1	-1.7484455	0.72775227
lgtd18_GCCTATTGTTCGCGCT-1	0.7107577	9.175141
tnf_post_pie_b2_1_54_TCCGGAATCTACTAAG-1	4.817465	7.1903896
lgtd18_GTCATCCTCTGCAACG-1	1.9996035	7.8554425
tnf_post_pie_b2_2_55_ACCTAAATCCAGCACA-1	1.5268847	0.47696474
lgtd18_TACCGTTGTACCGGAT-1	2.0718503	9.020043
lgtd17_ATTACCCGTTACCTGT-1	1.238789	5.361532
lgtd18_AACAAGCCAACTAGAA-1	2.206666	7.7712245
ibd_pbmc_post_TGTGGCTCATAAGCAA-1	7.7214785	0.064774804
fast_pie_b2_42_GCCACAATCTACCTGC-1	-1.9634931	-0.7206964
HDa_TGAGGTGCATGACTAT-1	-2.7904565	3.052753
tnf_pre_pie_b2_52_GAGTCATTCCAACTGG-1	3.2446928	4.575538
fast_pie_b1_40_TGCACCTTCGAGGTGG-1	1.2033187	1.6359987
fast_pie_b3_44_GGTATGTTCACTAGGT-1	10.433944	6.269956
fast_pie_b1_40_AAGTTACGTCCACAAA-1	-1.5454954	-0.6313913
tnf_post_pie_b2_2_55_CACTGACCAATACTGT-1	7.0647697	4.117793
fast_pie_b2_43_TCGTTAGCAAGTTATC-1	4.6842737	1.3708063
ibd_pbmc_post_CGCATTTGTTAGGACC-1	-2.6327276	-0.51084685
tnf_post_pie_b2_1_54_CGTGTGTCATGCTATG-1	-5.1866817	0.26607168
lgtd17_AATATCCCAATCATGT-1	1.8316158	3.7060971
fast_pie_b1_40_GTCTATCGTAATGACT-1	-0.8250886	-1.4866465
fast_pie_b3_44_TTTGCGGAGTACTGGT-1	-5.2159734	0.9476779
fast_pie_b3_44_CTGGACCAGCTGCACA-1	5.962963	7.5808916
HDa_ATTCGTTTCATGGTGT-1	-3.0747924	2.7530553
lgtd17_AATCCGTAGGTTAGAG-1	0.6153449	6.39908
fast_pie_b1_40_CGTAACTAGTGCACGC-1	-3.808408	2.8107977
fast_pie_b1_41_AAGCGAATCCCTCACG-1	-3.544876	2.4954836
fast_pie_b1_40_CTTGGACCAGCCAGTT-1	1.7645113	1.0418468
fast_pie_b1_40_CCTCAAACATCCTAGA-1	-0.75600356	0.43718594
lgtd17_TCATTACTCATAAGCC-1	7.0864553	7.727486
fast_pie_b2_42_TCACCGGCATCGCTCC-1	9.144807	5.234337
fast_pie_b2_42_TTAGCGGTCATGCTCC-1	6.981212	3.4761846
HDv_GATTAGCTCCCAGTAG-1	-0.15215346	1.4715078
lgtd18_TGTGCAAGTGGTTAGC-1	0.7124584	8.300523
ibd_pbmc_pre_ACAAAGGTCCAGCACA-1	2.026443	0.39720657
fast_pie_b3_44_AAATGCCTCCCTCAGT-1	9.897736	1.6968364
HDa_CGCTTGCGTCGTTATC-1	-5.912578	1.2206571
fast_pie_b3_45_CTCTCACAGGGATGAC-1	-2.0151608	0.26360077
lgtd17_CTCATGCTCATCCTCA-1	0.097865105	1.9576912
ibd_pbmc_pre_CACTTTGTCAGAAACG-1	10.048059	8.402383
fast_pie_b3_44_TTCAACCGTTAGAGGG-1	1.5059067	1.3093846
fast_pie_b3_44_CTTGCAACAAGCCACT-1	9.699008	7.8900013
ibd_pbmc_pre_GGCATTAGTGACATAT-1	2.5405223	0.83935976
fast_pie_b2_43_GCCTTAGAGGGTCCAC-1	8.843255	6.8083224
fast_pie_b2_43_TTGGATTCATGTTGTG-1	8.316705	-0.11937183
tnf_pre_pie_b2_52_TGCTTGTGTTTGGTTC-1	7.526856	7.0052547
tnf_post_pie_b2_1_54_GCCCTCATCACAGGAA-1	10.727656	7.2884655
fast_pie_b1_41_AATCTTGAGCGTGCAC-1	8.747781	7.8002415
fast_pie_b1_41_GCCAGGAAGAGGGACT-1	-0.4103667	2.1186192
tnf_post_pie_b2_1_54_TATAACCCATTGTCCT-1	-2.6461353	-0.06052022
fast_pie_b3_44_CGATTGAGTGCTCACC-1	1.7018737	-1.464801
fast_pie_b2_42_CTAATCTTCATTACTC-1	4.9522257	0.8024943
lgtd17_CCGCTAGCAATACTGT-1	1.7247065	4.1671047
HDa_GGTATTGGTTCAAGCA-1	-3.7427788	2.480059
fast_pie_b3_44_CGTTGCGCACTAGCGT-1	2.4095702	-0.64101815
fast_pie_b3_44_GATTACGGTCATGAGC-1	4.9822197	0.14329718
fast_pie_b1_40_TTGTCAAAGGACCTGC-1	9.8096285	4.468469
fast_pie_b3_44_CTAATTGAGCCGCAGT-1	-2.4023259	3.267838
fast_pie_b1_40_TTGTTGTTCTGTAATG-1	10.249301	6.050208
tnf_post_pie_b2_2_55_CCGCCAACATAACGGG-1	4.4932957	7.06
fast_pie_b3_44_GGTTCCCGTAACGGGA-1	-3.8215926	2.134995
tnf_pre_pie_b2_52_TGGCCATCACGCAACT-1	2.7986345	2.1001823
fast_pie_b2_42_GCGATATTCCAAGTGT-1	3.1620457	-0.64284855
fast_pie_b3_44_TCCCTGGTCACTTTAC-1	0.68745047	-1.4598746
tnf_pre_pie_b2_52_TACCAGGTCCTAACGG-1	9.364843	5.699012
fast_pie_b3_45_GAGTCATTCATTTAGG-1	6.9848266	3.0703874
tnf_post_pie_b1_1_50_GCAATCTAGCCGGTAC-1	0.9577836	2.2084415
tnf_post_pie_b2_1_54_TATTCGTTCTTTGAGA-1	6.634677	4.072618
tnf_pre_pie_b2_52_ACACCTTGTTAGTGAT-1	-0.8372571	2.9430056
lgtd18_GGTGTGACAGTCTATG-1	2.0530188	9.0290575
fast_pie_b2_42_TGTTCATTCAGCACCA-1	5.6464505	1.7967831
ibd_pbmc_pre_GTTCTTGTCTATCGCC-1	2.112229	-0.49948317
lgtd18_CGTTGCAAGATGGACA-1	1.0898081	9.096909
HDa_CCCGTAAAGAGGAAGG-1	3.8979688	0.9574259
fast_pie_b1_40_CAATCCTGTTAACGAT-1	7.802912	0.41885045
tnf_post_pie_b2_1_54_TTGCTTTAGCTGTACG-1	5.2603955	0.9900133
ibd_pbmc_post_CGTTAAATCATTGACA-1	1.1947708	-0.41702533
fast_pie_b1_40_TATGTGATCACTAAGC-1	-0.0071645277	-1.1515932
lgtd17_GGAACTAAGCTGTCAG-1	1.3152813	5.6455812
ibd_pbmc_pre_TGGCTTTGTGTTGCAA-1	7.1783323	3.8811624
fast_pie_b3_44_TTTGTGTTCTACTAAG-1	-1.5868198	0.40187734
lgtd17_ACTTTGTTCGGTTCCT-1	7.6200037	8.084838
HDa_GATCAAGAGCTCAAAC-1	-3.5047932	2.1115139
HDj_GGATAACCATCAGTAT-1	0.28959697	4.5239573
fast_pie_b3_44_TATTACCTCGCCTAAG-1	9.506287	5.8598423
lgtd18_TTTGTCTAGGCACAGG-1	2.786066	7.969116
fast_pie_b1_41_CCTTTAGTCTATTGTC-1	10.3043375	6.0797296
fast_pie_b1_41_AGGTTTATCAAGCGCC-1	2.35033	-0.9466984
tnf_post_pie_b2_2_55_CCATCACTCTTGAGGT-1	1.5951635	0.7547366
fast_pie_b1_41_TTCCTCAAGACTAAGG-1	8.6611595	0.394977
fast_pie_b3_44_AACCTCCTCCTGGTGA-1	8.660933	0.3362784
tnf_post_pie_b1_1_50_CAAACACTCAAACCGT-1	2.787195	1.795761
fast_pie_b2_43_GATTGCAGTTAAGCGC-1	7.4387684	0.8615235
fast_pie_b3_45_ACAGGCTGTCACACCC-1	4.0739946	6.7691407
ibd_pbmc_pre_CATGGATTCTTTGACT-1	5.7033176	2.2321835
tnf_post_pie_b2_1_54_ACCCGGTAGGCTGTCA-1	5.47251	0.048995666
fast_pie_b2_42_TACGTACAGTAATCCA-1	8.705534	4.192568
fast_pie_b3_44_AAATCCGGTTAACGAT-1	-0.4983626	-0.089548536
fast_pie_b3_44_CGCTACTTCCTCAGCT-1	4.1260257	6.6910996
tnf_post_pie_b1_1_50_TACTGGCCATCGCTCC-1	10.5326185	7.3519945
tnf_post_pie_b2_1_54_AAAGCCGCATCATGTG-1	1.9794914	5.4695024
tnf_post_pie_b2_2_55_CCTCAATGTGTTGCTT-1	4.6246276	6.0333815
tnf_post_pie_b1_1_50_TAGGAGTCAGTTTCTC-1	-1.6598845	3.0911171
fast_pie_b2_43_GTTCACCTCCTCCCTC-1	-4.019191	2.0712078
fast_pie_b2_42_TCGCCCATCCTGTTCA-1	8.899575	5.2501493
ibd_pbmc_pre_CACAGGCTCCGGCTAA-1	0.577472	-1.319485
tnf_post_pie_b2_1_54_TTTAGCAAGATAGACG-1	7.700899	3.6470394
fast_pie_b1_40_GCGCAAACAAGTCGCT-1	8.059411	7.6825027
lgtd18_GAGGAGGCACCTATAG-1	2.2299602	8.715568
lgtd18_TAAGCCTAGTTAGTTG-1	4.6147356	8.427891
HDa_CGTCATTGTGTTAAAC-1	-1.0819671	1.8398447
tnf_pre_pie_b2_52_ATGACAACATTGACAT-1	-4.480536	2.5903976
lgtd18_ACTAACCAGGTAACGA-1	2.1970057	9.054138
lgtd17_TTGCAGCCACACCAAC-1	1.4901819	4.5458145
fast_pie_b3_45_GAACCAGCAGTTGCGT-1	1.7228562	2.463045
tnf_post_pie_b2_1_54_CTTGCATGTCACACCC-1	-3.4581351	0.35724643
fast_pie_b3_44_AGTAGCTTCTCCATGC-1	8.415654	-0.037395794
fast_pie_b2_42_TATCGAGGTCCTTTAA-1	-1.5570899	0.73460627
fast_pie_b1_40_CTAGCTTGTGCGCAAT-1	6.6148567	2.0807414
tnf_pre_pie_b2_52_TGTGGCTCATGCATAT-1	6.2906756	2.3271325
tnf_post_pie_b2_1_54_GTCAGGCTCAATCATG-1	10.336044	8.125114
lgtd18_GGTATTTCAGCTAACC-1	0.38685954	8.972873
fast_pie_b1_40_GCCTTGCGTGAGGTAG-1	1.3038346	0.29284304
HDad_ATGGCCCAGTAACGGA-1	0.49185303	3.5069437
fast_pie_b2_43_ATGGCCGGTTTGAGCA-1	0.34031782	-0.5734976
lgtd17_GTAGGTGCACTTCATC-1	6.652207	8.565666
lgtd17_AACGGTAAGTGTGATC-1	1.0232879	5.726537
fast_pie_b2_43_ATTCACTTCTAAGGAG-1	-1.889401	1.6715325
tnf_post_pie_b2_1_54_GATTAGCTCATTACTC-1	-3.2711306	-0.02136255
fast_pie_b2_43_CTCTCACAGGCACAGG-1	-0.939726	-1.6998605
HDa_CACTTAAAGGCTTAGT-1	11.369238	8.469941
tnf_post_pie_b2_2_55_CCTGTTGGTTACCGGG-1	-3.28179	1.0399581
lgtd17_GTTTCCTCACCCACCT-1	0.23673142	4.552404
lgtd17_GTCTAACAGCATTATG-1	1.7152287	4.0733833
fast_pie_b1_40_TGTGGCTCAATAGCAA-1	-1.881151	1.7563163
lgtd18_TAGTTTGAGGACCAGG-1	1.3942095	7.8042126
fast_pie_b1_40_GCAGGCAAGGATCACT-1	-0.50380135	0.3769412
fast_pie_b3_45_TTAGGAACAGTTAGCC-1	10.410589	7.8626866
fast_pie_b1_41_GTGGACACATTGTGGC-1	8.1985035	8.7307205
fast_pie_b1_41_TGCATTAAGGTTTGAC-1	0.20949288	-2.067034
HDu_TGGATTGGTAATCGCA-1	4.4370775	7.7186275
fast_pie_b1_40_GCATTAGGTGTAATAC-1	8.688061	6.0749135
fast_pie_b3_45_GCTTGTTGTTTGGGCG-1	-2.4664102	1.1324793
lgtd17_CGTGACATCCTTCTAG-1	1.405492	5.5249596
tnf_post_pie_b1_1_50_TTTGCATTCGAAGTGA-1	-3.6828043	3.5195758
fast_pie_b1_41_GGACCTCAGCGGATAA-1	-0.7825148	1.2020602
fast_pie_b3_44_TTTGCGACAGTTATCG-1	-0.62051743	0.18672949
fast_pie_b3_44_TGCACACCAGCTACGT-1	-0.8750339	-0.33343914
tnf_post_pie_b2_1_54_TCAAGACTCCTGATTT-1	-1.53667	-0.7443405
fast_pie_b1_40_GTACTGGTCAAGCTAC-1	0.42562672	-1.3273166
fast_pie_b1_41_GCCTAATAGCAGGTTT-1	5.526091	2.08178
tnf_post_pie_b1_2_50_ATGCAGGCAGTACCGT-1	1.9325857	1.432155
fast_pie_b2_43_TGTATCGCATATAACC-1	9.239843	2.054886
lgtd17_TTCCTTCTCGCTCCAT-1	2.8669105	3.440281
fast_pie_b1_40_GCTTAGTAGTTATGGC-1	1.4999498	-1.9342813
fast_pie_b1_41_GGTAAGGGTCATAACG-1	0.3100212	0.54212636
tnf_post_pie_b1_1_50_GGATTCAGTAGGATCC-1	-1.2060262	4.5558295
fast_pie_b1_40_CAACAATGTTAGGACC-1	-2.500152	0.0058803638
lgtd18_GCTATAGGTATTACCC-1	1.619233	8.27702
fast_pie_b1_40_GGTAGGAGTTTGGGTA-1	1.3794955	0.9226176
fast_pie_b1_41_CTTCGCGTCAAGCCTG-1	8.61973	0.9167382
tnf_post_pie_b2_1_54_GCAGGTTGTGCCGCAA-1	1.1658951	-0.41132015
tnf_pre_pie_b2_52_CTATGAGGTGATTTGG-1	-3.263508	3.853282
HDa_GCTTTCATCAATAGCC-1	7.63719	3.8040538
lgtd17_ACATCAATCACTAAGC-1	0.08007268	4.4999676
fast_pie_b2_42_TCCGGAATCATTATGG-1	8.345116	8.019531
fast_pie_b1_41_CAACTAGGTCATAAGT-1	1.0538055	0.46988386
tnf_post_pie_b2_1_54_ATGGCCCAGCGATAAG-1	-0.97659844	-1.6367493
fast_pie_b3_44_ACCTAAATCCAATAGC-1	5.599465	1.4802414
fast_pie_b2_42_AATAGCTGTTGCACGG-1	-2.251568	0.5860151
lgtd17_ACCAAGCGTGTTGCTT-1	1.5333139	6.8594565
fast_pie_b2_42_AATCCGTAGTTGTCTT-1	1.7486556	1.8900281
lgtd18_ATGGCCGGTACGATTG-1	4.690486	8.662809
lgtd18_CTTGCATGTTAGCTGA-1	1.1666875	9.049204
fast_pie_b3_44_GCTGTGATCTCATCAT-1	10.402215	4.4086018
lgtd17_CGAACAAAGGGTTATC-1	-0.08532065	4.8728867
fast_pie_b1_40_GATCGAGCATAATGTC-1	9.478361	7.268813
tnf_post_pie_b1_1_50_ACTCCTCAGTCTATGA-1	11.105915	7.6530046
fast_pie_b1_40_TCGTTTCCAAGGTGCA-1	9.944179	4.263714
tnf_post_pie_b1_2_50_CCTAAGGTCGCGACAC-1	1.7390634	0.7046804
fast_pie_b1_41_ACGTTACAGCAGGTTT-1	-1.1582115	0.083578736
lgtd17_TCCAGGATCGTTAACA-1	1.9906784	3.5778832
tnf_post_pie_b2_2_55_CTGTAACAGTTACTTC-1	0.9899049	-0.26450157
fast_pie_b3_44_TGCTGGATCCATTACT-1	9.956889	7.0453377
tnf_post_pie_b2_2_55_GTTCTTAGTGTTTGTC-1	4.619099	0.78980136
lgtd18_TCCATATTCAGCTAAC-1	1.3393555	7.700335
tnf_pre_pie_b2_52_AGAATCTGTTGTAAAC-1	-4.964645	0.7914294
tnf_post_pie_b2_1_54_AACAAGCCACCCACAG-1	5.1000566	6.847418
fast_pie_b2_42_AAGGTATAGTTTGCGG-1	9.553347	5.283438
tnf_post_pie_b2_2_55_TATAGCTCAGGCATCT-1	-5.1596785	0.47255725
fast_pie_b2_42_AGAAACTAGGAAACTG-1	2.6336105	-0.039201867
lgtd17_GTCCTAGAGCTCCCTG-1	-0.6425053	4.880061
lgtd17_CAATGAACAGGTTTGC-1	0.53616863	4.650726
tnf_post_pie_b1_2_50_CAAGGTAAGCCTGACA-1	9.920669	8.644707
lgtd17_ACCAGGACAGGTTATT-1	0.8048888	5.2161
fast_pie_b3_44_GCTGAGGAGGTTACGT-1	10.131509	7.4600983
fast_pie_b2_42_CGTATTGCAGGCCATT-1	4.505835	1.1520126
lgtd17_CGATTATCACCTACTT-1	1.5427346	4.2983713
ibd_pbmc_post_TGCGGTTCACAAAGCG-1	7.744186	7.4480805
fast_pie_b1_41_AAGCTCCCAGGAACCA-1	-1.3951782	1.9877374
fast_pie_b3_45_GCTGTGATCTAGCGTG-1	2.138793	1.6120691
tnf_post_pie_b2_2_55_ATGGCTAGTTACAAAC-1	4.5989914	5.680718
ibd_pbmc_pre_TCCATATTCCTCAGCT-1	9.660631	6.2017455
lgtd18_TGCTTGTGTCGACTAA-1	0.77135545	9.1259775
fast_pie_b1_41_TTGTGCGAGGATTGCT-1	9.001656	7.4661818
lgtd17_TAGCATATCATTATGG-1	-1.1290227	5.4234443
fast_pie_b2_42_TATTTGGAGGTCATTA-1	-0.11100909	-0.4842486
ibd_pbmc_post_CTATGGCCAATAATGG-1	9.731916	6.4894414
fast_pie_b2_42_CGTCATTGTTTGAGGC-1	8.03303	-0.22673605
fast_pie_b2_42_TGGTCCTTCAGGCTAT-1	8.261024	8.432834
lgtd17_CCACTTGGTGCGCAAT-1	1.5738713	4.2406898
fast_pie_b1_40_GAAGTATAGGACAACA-1	-5.286921	0.9185152
lgtd17_CGCTTAACAATTAAGG-1	6.575268	8.442113
fast_pie_b2_42_GGTGTCCAGCCTTAAA-1	-0.8535265	2.2070808
fast_pie_b2_42_CGAGTCGGTAGCCATA-1	10.1984	3.593631
fast_pie_b3_45_TTTGCATTCCCTGACT-1	10.08746	7.3642707
lgtd17_CGGCAATGTAAAGCGG-1	1.0588411	6.139693
fast_pie_b2_43_CAATCGCCATAGCGGA-1	0.33486608	0.12535073
ibd_pbmc_pre_TCACCTCAGCCTCTCG-1	-2.7223861	2.072558
fast_pie_b1_40_GTCGGTTCATCCTGAA-1	1.1455513	1.5597802
lgtd17_GTCAAACTCTCGACCT-1	3.526972	2.3693178
lgtd17_CTCAATAAGCATGTCG-1	-1.2704618	4.8698983
fast_pie_b3_45_ACGCCTTTCCCTTGCG-1	10.026824	6.9527955
ibd_pbmc_post_GCACATTAGTTTGCGG-1	4.9859424	1.9104297
HDad_CTTGCATGTGCAACTA-1	0.97676855	6.490744
lgtd18_TGAAGGATCAAACCGT-1	2.8389277	8.141446
fast_pie_b2_42_CCCAAACCAGAGGCTA-1	1.0308604	1.8526398
fast_pie_b3_44_AGTAATGCACTGGCCA-1	9.573519	5.949043
fast_pie_b1_41_GGGCATGAGTGAGAGC-1	-1.4885689	2.9433115
lgtd17_TGATTAGTCTTTGTAC-1	1.5374017	4.732578
fast_pie_b1_40_AGTACGCGTTCACCAT-1	1.685066	1.0889429
tnf_post_pie_b2_1_54_TATTCGTTCTGTGAGT-1	-3.782827	2.1173162
lgtd18_CATAATCCACCATATG-1	1.0808204	9.240668
lgtd18_TATTACCTCTTGCTAT-1	0.8896197	7.6617
lgtd17_AGCTAAACAGCATGAG-1	1.1994711	3.4519565
tnf_pre_pie_b2_52_AGCAGGTAGGACTAAG-1	2.5158901	2.2529092
fast_pie_b3_45_TTGCAATCAAGTGTTT-1	4.7103457	2.0182962
lgtd17_TTTCCTGAGATAGACG-1	2.0073915	4.1957874
fast_pie_b1_40_ACTTGTAAGGAACGGT-1	-2.2128916	0.37858227
tnf_post_pie_b1_2_50_AGGTTGCGTTGGCCGA-1	8.572163	8.475708
HDj_CCAGCCTGTCCTTAGT-1	-0.023915514	3.4408886
fast_pie_b3_44_TGTTAGCAGGGTGAGT-1	0.8317599	1.5864595
fast_pie_b1_41_TTAGTCAAGTAGCCAT-1	8.633519	0.78313786
fast_pie_b3_44_CCTGATGAGTTAGACC-1	5.237238	0.53773296
fast_pie_b2_42_TTGCACACATCTAGCA-1	1.1330432	2.293184
fast_pie_b2_42_TTGGGCCAGGATTTGC-1	9.905939	1.2350894
lgtd17_TTGTTGCGTTCGGTAA-1	0.19121018	5.7068186
tnf_post_pie_b2_1_54_AACAGGATCAGCACCA-1	8.204634	8.208024
tnf_post_pie_b1_1_50_CCCGTTGTCCGTTATT-1	8.328384	6.3572497
fast_pie_b2_42_AAGAACAGTCTATCGT-1	2.8018873	-0.74138457
tnf_post_pie_b1_1_50_CCTACTGGTGCATCGG-1	0.23558934	1.4433041
ibd_pbmc_pre_CTGTTAAAGGATTGCT-1	-1.1555687	1.0359299
fast_pie_b2_42_TTGTCAAAGATTGAGG-1	1.7503772	2.5129185
ibd_pbmc_post_ATTGCACAGTCGCAAT-1	1.6219037	0.27192175
lgtd18_GCCTCCATCTGTGCCT-1	3.7094395	8.463972
HDu_GTAATAGCACAAAGGT-1	2.3354495	7.119734
tnf_post_pie_b2_2_55_TAGGTTGGTGGATTAT-1	2.5034893	0.02856963
tnf_pre_pie_b2_52_TTAACCAAGCACCACA-1	8.113286	6.825394
fast_pie_b2_42_ACAGGTAAGACAAGTG-1	-0.47935155	3.0206025
tnf_post_pie_b1_2_50_CGATTTGCAAAGCGCA-1	0.17858915	2.877037
ibd_pbmc_post_CGCACCACAGCTTAGC-1	8.155235	0.44785792
tnf_post_pie_b2_1_54_TCTGGCTTCGGTTTCC-1	-2.6280665	1.7492614
lgtd17_CAATCCTGTTAGCTGA-1	-0.043550942	4.6709437
fast_pie_b3_44_GCCTGTGCAGCTTAAT-1	4.3075247	2.4975774
ibd_pbmc_pre_AGCTCATAGTCATTTC-1	-0.10366595	0.7544631
tnf_post_pie_b1_2_50_CGAGGAAGTTAGACCA-1	8.446103	7.7026854
tnf_post_pie_b2_1_54_AACCGCTCAGGTTATT-1	-2.5080285	0.7754159
ibd_pbmc_post_CTAAAGCTCACTTTAC-1	-4.134363	1.2306795
tnf_post_pie_b1_1_50_CTCTGTTCAGCTTACA-1	2.2254004	1.3048257
fast_pie_b2_42_AGTGGACAGAAGCTAG-1	2.788805	1.8718569
tnf_pre_pie_b2_52_TACGTACAGGAACGCG-1	5.9410124	9.004602
fast_pie_b3_45_CGCTAATAGAAAGCAT-1	2.1757462	-0.8529975
tnf_pre_pie_b2_52_CTGACCAAGGCAACAA-1	8.237228	6.731313
tnf_pre_pie_b2_52_CCAAGTTAGTGATTCA-1	1.2727275	3.1006422
tnf_post_pie_b1_2_50_TCCGGTAAGCGGATAA-1	6.0864453	8.9657755
fast_pie_b2_42_TTTGCGGAGCTTAACA-1	9.187195	7.2588625
tnf_post_pie_b1_2_50_CTGTTTAGTTGTGATG-1	10.353772	6.6633487
fast_pie_b2_42_CCCTGGACACTAGCGT-1	9.165283	7.0029016
fast_pie_b2_42_GCCTATTGTACCGTAA-1	9.933263	1.6019173
lgtd18_GGTTTGTAGTAACGAG-1	1.2424608	8.655686
fast_pie_b1_40_ACGCTTGAGCCGCTTT-1	7.9927874	-0.30539185
lgtd17_TCTACCTCAATTGAAG-1	5.376183	1.7400999
fast_pie_b3_44_CTGTAACAGCCGGTAC-1	-1.3919643	0.75493246
tnf_post_pie_b1_2_50_CCGTTGCGTGCATTAG-1	-1.8322316	3.6242323
lgtd18_CCCTCACCAGGTTATT-1	4.8387513	8.434733
tnf_post_pie_b2_1_54_CATGGCGGTTACGCAA-1	7.9579754	4.224256
tnf_pre_pbmc_b2_53_TCAGCAAGTACAAAGA-1	6.826597	2.8215673
tnf_post_pie_b1_2_50_TTGTGAGGTCTTTATG-1	8.350945	6.866064
fast_pie_b1_41_TGCTTCCAGCATGAAG-1	6.688397	4.506272
tnf_post_pie_b1_1_50_GGTACTAGTCACTCGC-1	8.592437	7.8578157
fast_pie_b1_41_ATGGCTAGTTCATTTG-1	10.583147	6.516503
tnf_post_pie_b2_1_54_GTCTATCGTGTGTCCC-1	-1.9667802	2.0748553
fast_pie_b2_42_CTCAGGATCTAGCGTG-1	4.421307	1.5680021
HDa_AAACCGAAGGTCTTGG-1	10.001731	8.917235
lgtd18_ACCCAGGGTACCGAAC-1	1.9045019	8.972367
lgtd17_CCACTTGGTAGCCATA-1	0.98836	4.6310697
fast_pie_b1_41_TGCGCAGGTTTCGCCA-1	-3.3253198	2.9549084
tnf_post_pie_b2_1_54_AATTGGGAGGTTACGT-1	8.137843	0.2028326
tnf_post_pie_b2_1_54_AGGCGGATCTAACCAA-1	10.497511	7.3941545
lgtd18_AATTGGGAGCCGCTTT-1	2.919143	8.645391
lgtd17_AATCGCCCATAAGGAC-1	7.793433	8.231188
lgtd18_GTTGGAGCAGTTATGT-1	2.24531	8.180717
fast_pie_b1_41_CCACACAAGGCTTAGT-1	-2.3265362	1.3066027
lgtd17_AGGCTAGCATAAGTCT-1	1.8801304	3.9324613
fast_pie_b3_44_TGAGGCACAGGCGAGT-1	8.337793	0.9085786
fast_pie_b1_41_TAATCCGCACAAGCCT-1	8.899945	6.657422
fast_pie_b1_40_TTAGGCCCATAATTGC-1	10.049021	6.6564155
lgtd18_TAAAGCCTCTAATCTC-1	1.7764262	8.211826
lgtd17_GAGCAAATCGAGGAAC-1	1.8209577	5.37883
HDa_TACCCGGCATCCCTCA-1	-1.7146084	2.586754
fast_pie_b2_42_CCAGCCTGTAATAACC-1	8.00585	0.55626476
HDa_CAGCCTAAGTTTGTCT-1	11.214582	8.286833
HDad_AGGGCCTTCGCTAAAC-1	1.7667816	3.5939853
fast_pie_b3_44_GGTATTTCAGACAAAC-1	-0.3841183	0.28791666
HDa_TGGCGGTTCGGGCCAT-1	10.572862	9.018873
fast_pie_b1_40_CATAAGCTCCCGTTGT-1	0.0043605003	-2.0020614
fast_pie_b3_44_GTTAACGGTCCACAAA-1	2.8564105	-0.4262547
tnf_pre_pie_b2_52_ATGAAGTAGGTCAAAG-1	-1.9854839	-0.90721875
fast_pie_b2_42_TGGATTGGTGCGCAAT-1	3.143188	-0.188113
fast_pie_b3_44_GTTTCCTCAGACAAAC-1	8.820031	0.75355977
fast_pie_b3_44_TTGACTAAGTACTGGT-1	-0.6096826	-0.3621904
fast_pie_b2_42_GGGCTAACATCAATCG-1	0.14911382	1.9781808
tnf_pre_pie_b2_52_GAGTTTGGTGATGAAA-1	5.065569	0.2258983
tnf_post_pie_b2_1_54_GTTAACGGTTAAGGTT-1	9.968991	8.466915
lgtd18_TGCATTAAGCCAGTAT-1	1.7198061	8.178888
tnf_post_pie_b2_1_54_AGGTCAAAGCAAGGTA-1	8.747234	2.3039384
tnf_post_pie_b1_1_50_TTCCTCAAGCATGGTT-1	0.9321098	0.9299313
fast_pie_b3_44_TCATGCCTCAAACCGT-1	-2.8059785	-0.13082413
tnf_post_pie_b2_1_54_AATACCGGTGTCCTGC-1	-1.3899306	-0.6366413
ibd_pbmc_pre_GATCAGGCAGGCGAGT-1	2.3316376	2.9397945
lgtd17_ACCGGTTCATAAGTCT-1	2.0235457	4.4249043
fast_pie_b1_40_CCTCCTCTCGCATCCT-1	-3.2455463	0.23851742
tnf_post_pie_b1_2_50_CTTCACTCAATTTGGT-1	-2.2763321	-0.010527362
HDa_ATAACGACATTGCGTA-1	0.24473254	2.5727837
fast_pie_b3_45_GTTACAGGTTATCCGT-1	10.130909	6.9383574
tnf_post_pie_b1_1_50_TATGGCCCATAACGGG-1	8.45098	7.1372743
fast_pie_b2_43_CCAGACTCAATGAATG-1	0.59897125	0.7894631
fast_pie_b3_45_CGCTCAGCAACCGCCA-1	10.301433	4.2087708
HDa_CTTAACAAGCGCCTTT-1	3.1129186	2.8831706
fast_pie_b3_44_CGCACACAGTAAGTCC-1	8.757752	6.227455
fast_pie_b3_45_GCGCTTGCAGCAACCT-1	8.711756	5.844459
ibd_pbmc_pre_GCGAAGTAGCCAGGTC-1	2.428915	0.8001232
tnf_pre_pie_b2_52_GGTAAGGGTGTAATAC-1	-5.183186	1.2584306
fast_pie_b3_44_TGGATTGGTTCCATTA-1	9.030572	8.061845
fast_pie_b2_43_ATTAGTCCATATAACC-1	4.8018465	0.95692474
fast_pie_b2_43_GTTAACGGTGCTTAGA-1	0.33885792	-0.3534375
fast_pie_b1_41_TCCCTGGTCTGTGCCT-1	0.21299824	-1.2390648
HDv_AATTTCCTCGAAGCGG-1	1.4368024	3.9237628
lgtd17_TCAGTAGGTGAACAAA-1	0.8182392	4.7559037
ibd_pbmc_pre_AACAGATAGTTATTCC-1	2.8100379	0.81096846
HDv_TATAGCTCAGGCGAGT-1	5.8544583	8.822798
tnf_post_pie_b1_2_50_CCATCACTCGCAATCG-1	5.894115	7.9387918
HDa_GTCTTTAGTAGCCATA-1	-5.8995357	1.2800109
ibd_pbmc_post_TAGCAGGCATTCCTGT-1	11.015183	6.403854
tnf_post_pie_b2_1_54_GTGGACACATAGCGAG-1	-0.46657228	1.2660395
fast_pie_b1_40_GATTAGTGTAACGAGG-1	9.005467	7.6422496
tnf_post_pie_b2_1_54_GTTTCCTCAAGGATTA-1	9.559693	6.5053825
fast_pie_b2_42_ATGCATTCAGCAAGAT-1	4.6619244	3.0736873
lgtd17_CCCTCAGTCGCTCACT-1	-1.5291965	4.1855836
fast_pie_b1_40_CCGTTATGTGCACGCA-1	-5.0486193	0.1121398
tnf_post_pie_b2_1_54_ACACGGACAGCATGTC-1	6.9953456	3.966557
fast_pie_b2_42_CGGTAACGTGACATAT-1	8.668281	6.997472
lgtd17_ATTTGCAAGCTGGCTA-1	2.106572	4.7076516
lgtd17_TATTCGTTCATTAGCA-1	7.954245	1.316902
lgtd18_GGTTGAGCAGTCTAGC-1	3.5811274	7.190177
fast_pie_b2_42_CCATAGCCAGTAGGTG-1	-1.9029807	0.834236
ibd_pbmc_pre_TTTGCGACAGAATGAC-1	2.5672703	1.0621505
HDad_ACGATTCAGGTGTCCA-1	8.056427	7.4609284
fast_pie_b2_43_ACGCCTTTCAACCAAC-1	10.727536	6.6733913
HDa_TGTTGTTTCGCTCACT-1	-5.9915595	1.1773808
tnf_post_pie_b1_1_50_CCTGAATAGCTGTAAC-1	2.1213312	3.8896272
fast_pie_b1_41_TCTTGTCCATAATCGT-1	0.12130033	-1.139893
lgtd17_CCATTATTCGTCAAGT-1	1.6652547	3.899304
fast_pie_b3_45_TTAACCAAGGAAGCAC-1	10.014895	6.4979277
fast_pie_b1_40_ATCCTGACATGAATAG-1	9.985853	6.632867
tnf_post_pie_b2_1_54_CAACAGGCATGTCGCG-1	3.8738103	2.3591428
lgtd18_AGTATAGCATCCTAGA-1	3.5521119	7.1284356
fast_pie_b2_42_AGAGGATGTGTTTGTC-1	7.9649806	6.7908187
lgtd17_CTTACTAGTGCACGCA-1	0.32620472	4.82314
fast_pie_b3_45_CCTTCAGGTTTGTGGA-1	9.257909	1.5641023
fast_pie_b1_40_GCCTACTTCCTAAGTA-1	10.290353	3.616783
ibd_pbmc_pre_GTCGGTTCAGGTTCAC-1	3.1205993	1.1763635
fast_pie_b1_40_TCAGCGATCACAGCCA-1	0.6896651	-0.18993579
HDa_ATTCAACCACTATGGC-1	-3.4186292	2.27226
fast_pie_b2_42_AACCCGCAGTCACGAT-1	7.1397486	7.965116
fast_pie_b1_40_AGGTTTATCCTTAATC-1	1.3593556	-2.075983
tnf_post_pie_b2_1_54_GTGATCAGTTCCTCCT-1	-3.3222673	0.14525762
tnf_post_pie_b2_1_54_TTGTGCGAGAGCCGGA-1	9.949588	7.762436
ibd_pbmc_post_AGACCCGGTTACAAAC-1	9.885425	7.359005
tnf_pre_pie_b2_52_GCCTTAACAGTGAACG-1	4.1749883	2.5479457
lgtd17_GTGCTGATCAGTGAAG-1	1.8491123	5.0089846
tnf_post_pie_b2_1_54_TTTCAGTTCTTGTCCA-1	-1.6452739	-0.22052893
lgtd17_GTGAATCTCTTGAGGT-1	6.1688275	5.1162605
fast_pie_b1_41_CTTGTTCCATTGGGAG-1	10.733023	7.4917865
tnf_post_pie_b1_2_50_TAGCCTTGTTTGAGCA-1	9.011259	8.664695
fast_pie_b3_44_GCACGGTTCACTCAAA-1	0.8643764	-1.8191177
fast_pie_b2_42_TTGCGAGTCACGTTAA-1	1.411201	1.4448991
ibd_pbmc_pre_TCGTAATCAACTCGCG-1	2.4810314	0.80317724
fast_pie_b1_41_GAGGACTAGCCGCAGT-1	2.2027068	0.8845941
ibd_pbmc_post_GCCTCAAAGCGGTTAT-1	1.2834553	-0.6605944
fast_pie_b3_44_TGGACGGAGCTGGACC-1	1.9699401	-0.836431
tnf_post_pie_b1_1_50_GTCCAAGTCATGCATA-1	8.534823	6.97437
fast_pie_b3_44_CCTATTGTCAATAGCC-1	-5.2378974	1.767415
HDa_AACATAGCAGTCTAGC-1	11.589537	8.490966
fast_pie_b1_40_CTTTGGGAGGAGGACT-1	-0.07699754	2.974046
ibd_pbmc_pre_ACGATTCAGTTGTCTT-1	10.131808	7.5028605
fast_pie_b2_42_GTCTATGCAAAGCCTC-1	-0.040292054	1.8027952
fast_pie_b2_42_TCGGTTCTCTCACAAA-1	7.4255733	4.478561
fast_pie_b1_40_GGCCAACTCAACCAAC-1	1.1053762	-2.1137521
tnf_pre_pie_b2_52_GTCCATTGTTGAGGTC-1	8.197873	6.712122
lgtd17_CCATTGTGTTTACCGT-1	0.4880017	5.337615
tnf_post_pie_b1_1_50_GTGCTGGGTGCGCATG-1	3.6291282	2.0404975
ibd_pbmc_pre_GGATATTGTATTGCAG-1	2.1481776	0.61957335
fast_pie_b1_40_GCAATCTAGCTGTAAC-1	0.8417665	-1.5300974
fast_pie_b3_44_ACTCGCGCATGCTTAG-1	-1.3298522	0.91021395
lgtd17_AGACAATAGTTAGGCT-1	-0.38400972	5.1903763
tnf_post_pie_b1_1_50_ACAGCCGGTGCTGGTG-1	7.9685655	6.865763
lgtd17_CGACTAAGTGGTTCTT-1	-0.755748	4.646892
tnf_pre_pie_b2_52_TCGACAAGTTACTTCA-1	-3.5580027	3.6206388
tnf_post_pie_b2_2_55_GCGCAAACACCGTTCC-1	5.25317	1.0317309
lgtd17_TTAGGATGTAGACAAA-1	1.8530173	5.060105
fast_pie_b3_44_CGTATTGCAACCTGGT-1	-2.5317667	1.2032987
tnf_post_pie_b2_1_54_GGTCATTAGGTAAGCA-1	-0.9859068	0.083739646
lgtd17_TATGTGATCGTTTCTG-1	0.22443849	5.6839767
tnf_pre_pie_b2_52_GTGCTGATCAATGTGC-1	7.318269	3.1591005
lgtd17_TAGGTTATCCGCCTCA-1	-0.604151	5.0411043
tnf_pre_pie_b2_52_AAGCTCCCAATAACGA-1	4.748845	7.229367
fast_pie_b1_40_ATAAGTCGTAAGCTTG-1	2.3554182	1.7542332
fast_pie_b3_45_CCCGCTTCACGTAAGG-1	9.901982	6.344263
tnf_pre_pie_b2_52_CACAGGCTCGGGACTC-1	8.111585	7.587199
tnf_post_pie_b2_1_54_AAACGCGCAAGGAATC-1	10.125502	7.982283
tnf_pre_pie_b2_52_CCCAGTTTCAGCCAAT-1	9.0660515	7.955293
fast_pie_b1_40_CGTTGCAAGTTTGTCT-1	-3.2494526	0.96759516
ibd_pbmc_post_TTGGCTTGTAGACAAA-1	8.059913	5.085423
tnf_post_pie_b2_1_54_CTATGAGGTATTGCAG-1	0.9531836	1.9804044
fast_pie_b3_44_AGGATGCAGGACCGCT-1	0.8602566	-1.7846906
tnf_pre_pie_b2_52_TATTGACCAATTTGGT-1	4.0656595	2.6186764
lgtd17_TCATGAGGTAACTACG-1	0.72654027	5.073767
ibd_pbmc_post_TGGTAAACATGAATCT-1	9.507415	8.939166
HDu_GTACGTAGTCCGGTTC-1	1.4221023	6.7784033
ibd_pbmc_pre_TGATCCTGTCCGCTGT-1	8.105216	2.4178665
lgtd17_AGCACAGCAACTAGGG-1	6.607454	7.9347353
fast_pie_b3_44_GCTAGCTCAGTAGCCT-1	1.1899856	6.058402
lgtd17_ACCTTCATCAGGAACA-1	-0.028134411	3.3425977
fast_pie_b3_44_AGTTGTCAGAAACTGG-1	9.465377	7.2291865
tnf_post_pie_b2_2_55_ACCAAACTCGTGCTAG-1	7.6648564	7.5196543
lgtd17_GGTAACCGTTAACAGT-1	6.2654667	4.619534
tnf_pre_pie_b2_52_AATATCCCACAATTAC-1	2.2607524	2.2586253
fast_pie_b3_44_AGTTACTCATTAAAGG-1	-1.2985711	-1.2908465
lgtd17_AGCCAGTGTTGGATAT-1	6.0729823	7.8669477
lgtd18_CTGGTCAAGCTGAGGG-1	2.321822	9.103786
tnf_post_pie_b2_2_55_ATCCACCTCTTAGTGA-1	10.448484	7.989365
tnf_pre_pie_b2_52_TCTTCAAGTCGACTAA-1	-0.36443323	3.1477053
ibd_pbmc_pre_TGAGGGAGTGTTAGCA-1	8.533306	8.370762
fast_pie_b3_45_GCTCGATCATGGAGGC-1	-1.6946728	2.3276079
HDa_TATCACGCATGAGCAG-1	-5.8815575	1.1360929
fast_pie_b2_43_GTCTTTGTCTAAGGAG-1	1.6749568	0.4515058
fast_pie_b1_40_CAATGAACATCCTGAA-1	-3.6754956	1.6602774
lgtd17_TTAGGAACAAATGCCC-1	2.3691463	6.6663475
tnf_post_pie_b2_1_54_TTGGATCAGAGAAGGG-1	7.095857	4.0133724
fast_pie_b3_45_TACCTTAGTAGGTGTC-1	8.946293	8.299556
lgtd18_TTACCGTGTCCTTCTC-1	1.7368723	8.227465
tnf_pre_pie_b2_52_GTTTCCTCACGAATTT-1	1.9113008	2.5673578
tnf_post_pie_b1_1_50_ATCGCTTGTCCGCTGT-1	9.428525	6.857398
fast_pie_b3_45_TGAACAGAGGGTTATC-1	-1.1861186	1.5125316
tnf_post_pie_b1_2_50_GCTTAGTAGCTATTGA-1	8.465547	6.6288924
lgtd17_AGTTTGATCCTAATTC-1	7.556517	8.392624
tnf_post_pie_b2_1_54_AGTAATGCAAGGTGCA-1	4.8687234	6.743352
fast_pie_b2_42_TATCGCACACTTAGGC-1	8.742036	0.72318935
lgtd18_GATGACTTCGTTAAGC-1	1.7511587	8.2169695
fast_pie_b1_41_CTCCAACTCTTAGGAC-1	-1.1044029	-1.8734078
fast_pie_b3_45_CTGCTCCCAGCAAGAT-1	0.9480867	-1.842819
fast_pie_b1_41_GTCATGAGTGGGAACA-1	8.208312	8.103469
lgtd18_GTAGCCATCGCAATCG-1	1.3926108	8.824969
fast_pie_b1_41_GACGTAAAGTATTGGC-1	-0.47229853	-0.11680665
fast_pie_b3_45_TGTAAAGCACTCAACA-1	4.3655047	2.887418
lgtd17_AGATGCTTCAGTGAAG-1	1.1003802	5.4913564
ibd_pbmc_post_GTACAATGTTCCTGTG-1	-2.532401	-0.6168954
ibd_pbmc_post_CCACAGGGTATTGTCC-1	-2.723131	0.02087996
fast_pie_b1_41_TGCTTCATCATCCTCA-1	0.13796672	0.4583227
fast_pie_b1_40_TACCGCAAGTCTCACC-1	4.821839	1.9157548
fast_pie_b1_40_TGGCCATCATTAAGTC-1	-0.42922798	0.68903047
lgtd17_GTTAACGGTTCGCGCT-1	2.3439455	4.699553
tnf_post_pie_b2_2_55_GCTGACCAGAGAGGAG-1	-2.1248271	3.7450814
fast_pie_b1_40_GACTATTCATAGACCC-1	-1.1658132	0.86561006
lgtd18_TTTAACGAGCTCGCTT-1	1.1051322	8.627054
tnf_pre_pie_b2_52_TTGCAACAGGTCCTGA-1	-2.9952097	1.1278998
fast_pie_b1_40_CCCTCATAGTGAGCAA-1	10.390155	6.85489
fast_pie_b2_42_AAATGCCTCGCAAACT-1	-3.7711475	2.6306317
lgtd18_ACTTGTCGTTTGTGGA-1	1.5162082	9.056955
lgtd18_TGTTCCTCAAGTAAGC-1	0.9337019	7.8292313
lgtd18_CCGACAGGTTAGCAGC-1	1.409659	7.546157
fast_pie_b1_40_GTAGGCGAGTTTGTCT-1	5.7775936	0.58682346
fast_pie_b3_44_GGTTACTAGTAGGCGG-1	7.725471	4.158439
fast_pie_b3_44_ACCAGGACAAGTCGCT-1	-0.7750595	1.9139646
fast_pie_b3_44_AGGCTAAAGGCTCATG-1	0.19068216	6.153089
ibd_pbmc_post_ACCGGCTAGCACCACA-1	-1.1071467	0.026447885
ibd_pbmc_post_GGTATTTCACCGGCTA-1	9.746706	1.6029088
fast_pie_b2_42_GCCTTGCGTCTATCGT-1	9.139385	6.579036
fast_pie_b2_42_GGGCCTAGTTGCACAA-1	4.706206	2.428086
tnf_post_pie_b2_1_54_CTATGTTTCTTGCATT-1	-3.6837254	0.6632085
tnf_post_pie_b2_1_54_CCATAAATCAAGCCTG-1	-0.4840271	-0.89434946
fast_pie_b3_44_TGTGAAACATTGACAT-1	-0.03956679	1.4092827
fast_pie_b2_42_GTTACCTGTAGGATTT-1	1.8386664	-0.13262926
fast_pie_b1_40_CGGCAATGTTAGGCGT-1	-3.839066	2.6701033
tnf_post_pie_b2_1_54_CATGCGGGTTATCCGT-1	9.289155	7.9380703
tnf_pre_pie_b2_52_CTTCAGGAGGTGAAAT-1	-0.55156565	3.2979577
tnf_post_pie_b2_1_54_GTTGCATAGAATCGCT-1	-1.4109039	-1.4213382
tnf_post_pie_b1_2_50_CGATTCCTCGATTCTT-1	0.38086018	-0.97157776
ibd_pbmc_pre_CCCTTAATCGCAAACT-1	-1.2964237	-1.5061164
fast_pie_b2_42_AATTAGGCAGCAGGTA-1	6.2819643	2.557929
HDa_ATTGCACAGGGCTTAT-1	-5.5576897	1.048632
ibd_pbmc_pre_CTTCTCAAGACAGGCG-1	5.934932	1.4783258
tnf_post_pie_b2_2_55_ATAGATGCATAAACCT-1	4.712463	6.468702
tnf_post_pie_b2_1_54_GTCGAGGAGCCTAACG-1	3.8744853	7.023635
tnf_post_pie_b2_1_54_GCCTGCTGTGCTCCAC-1	10.542809	6.6228375
tnf_post_pie_b2_1_54_GAAGGAACAAACTCAT-1	-3.075672	1.6094366
fast_pie_b1_41_GAGTATCTCTCAATGA-1	-1.2354312	-0.92208743
tnf_post_pie_b2_2_55_TCAAGAACAGCATGTC-1	-2.3137305	1.6863327
tnf_post_pie_b2_1_54_TCATGCCTCCTCATCA-1	1.4957243	-0.34196073
lgtd17_TGGCTTTGTCAAAGGG-1	2.1437907	4.8114176
lgtd17_GCAATATGTGAGGTGA-1	1.8802307	4.403181
tnf_post_pie_b2_1_54_CAATCCCTCTAATCTC-1	5.2992697	5.5202003
fast_pie_b1_40_ATCAATCCAAACGGGC-1	1.7606747	0.4914804
fast_pie_b1_40_TTGGCTACAAGCCACT-1	1.8038466	0.92595774
fast_pie_b1_41_CTCCGGACAAATTGCT-1	-1.8004842	1.2021924
tnf_post_pie_b1_2_50_GTGAATCTCGCTCCAT-1	4.2728972	2.524529
ibd_pbmc_pre_TGCTTCCAGTAACAGG-1	2.406318	0.3669938
lgtd17_GCAAACTTCAAGGACA-1	-0.9305117	4.77299
fast_pie_b1_41_CGACTAAGTATTGTGG-1	1.0979431	0.21590382
tnf_post_pie_b1_2_50_AGTGCGGAGAGGATAT-1	-0.33683908	-0.79561025
tnf_post_pie_b2_1_54_GCTATCCTCCGTTATT-1	-3.4499059	1.4657062
fast_pie_b2_42_GCTAGCCAGCACGTTG-1	3.7513814	6.9435744
tnf_post_pie_b2_2_55_TGCAGGCTCACCATTT-1	-1.0374906	2.6760466
tnf_post_pie_b2_2_55_CTAGTGAGTATACTGG-1	5.378392	6.1814523
ibd_pbmc_pre_GCATGAGCATAAGCAA-1	0.75600016	-0.44785514
fast_pie_b3_44_TACGTAATCTCGCCCA-1	1.516509	0.8400673
lgtd17_ACCTAAGGTCGCAATA-1	7.2274594	8.6465
tnf_post_pie_b1_1_50_TTGCTTTAGCAGCTAT-1	7.8704243	6.2947755
tnf_post_pie_b2_1_54_CGTCATTGTCCACAAA-1	2.5610733	0.016361516
tnf_post_pie_b1_1_50_CTGTTTAGTAACCAGC-1	9.41409	7.5760617
tnf_post_pie_b2_2_55_GCCTTACTCCTAATTC-1	1.0774081	1.3560799
fast_pie_b3_45_GCTTTGTGTACCGGAT-1	8.23417	8.19784
HDad_GTTGTGAGTTTGAGGC-1	0.017441195	5.735404
fast_pie_b3_44_TACAGCTAGGACAACA-1	0.6964592	0.19664055
tnf_post_pie_b1_2_50_TTTAGCAAGTTATTCC-1	0.46471575	-0.41358042
lgtd18_AAATGCCTCAACCAAC-1	4.9596148	8.6180935
lgtd18_CACAGGGAGGCTTAGT-1	1.9497508	8.091329
tnf_post_pie_b2_2_55_TTGTCCCAGGACTTAC-1	-3.7952635	2.4964092
fast_pie_b2_43_TTAAGGACAGGATTAA-1	9.405144	5.2240777
fast_pie_b1_40_CGAAATGAGCGATACT-1	1.8099189	1.3173798
fast_pie_b3_45_TTTCACCCAGTCTAGC-1	8.373137	7.3490663
tnf_post_pie_b2_2_55_TCGTAATCAGCATTAT-1	8.943123	2.0580719
ibd_pbmc_post_ACTAACCAGGGATGCG-1	11.432627	6.989183
fast_pie_b2_42_CCTTCGTAGGGTTAGA-1	1.5246247	2.2972662
tnf_post_pie_b2_2_55_CGTTTCTCAGGCGATA-1	0.79200727	2.9197638
fast_pie_b2_43_GAGTCATTCGACAAAG-1	2.5973403	-1.5162892
fast_pie_b3_45_TGTTGTGCAGGTTATT-1	7.5615506	8.873221
ibd_pbmc_post_TTTAAGGTCTTAGGAC-1	9.073646	6.7519264
lgtd17_CTCGTTATCAAGCCTG-1	0.80293053	4.460186
tnf_pre_pie_b2_52_CTCGCTCCAGCATGGA-1	3.6513913	2.826241
fast_pie_b3_45_TTTGCATTCTTTGTAC-1	-1.7359585	-0.4461384
HDj_GCTGGTTCAGTTGCGT-1	0.36781472	3.941492
ibd_pbmc_post_GGTGTCCAGTTTCCTG-1	10.012198	6.367614
ibd_pbmc_pre_AATGTCCAGTCGCTAG-1	7.654719	2.3515294
tnf_post_pie_b2_1_54_CAATCTAAGCCAGTAT-1	1.1088861	-1.3398718
fast_pie_b1_41_ACACCTTGTCACAAAT-1	-3.7373497	1.6411012
tnf_post_pie_b2_1_54_CGAACAAAGGAGGCAT-1	-0.11392954	0.92046845
fast_pie_b1_40_CAATGACTCAACCAAC-1	0.5257607	-1.4600055
tnf_post_pie_b2_1_54_CCGGTTAAGGTCCGTA-1	-2.4319644	0.48194116
lgtd18_GGTCGGTTCAGGAAGC-1	0.5592655	8.788795
tnf_pre_pie_b2_52_CTGATCACATTGTTGG-1	7.846437	6.5926576
HDad_CATAACGGTAACTACG-1	-2.2680035	-0.42020938
fast_pie_b1_40_TTATAGCCAAACCCTA-1	-1.8611046	-0.47800627
fast_pie_b2_42_TTGGCTACACACAATT-1	3.4451694	-0.8571971
fast_pie_b2_42_GGTCCTGCAGGAACCA-1	9.545896	7.5878468
fast_pie_b1_40_CTGGACCAGGCGAAAC-1	-1.2638471	-1.6667683
lgtd18_CATAATCCAGGTTAAA-1	1.4361285	9.193197
fast_pie_b1_40_AGAAACTAGTTTAACG-1	-1.079357	-0.32669792
HDa_ACCATAATCTTGCATT-1	-2.8949728	2.2197385
tnf_pre_pie_b2_52_GCTAACCCAATAACCT-1	4.8062544	6.9031487
tnf_post_pie_b1_2_50_ATGTTGTCAGCCAGAA-1	0.72204846	1.4407226
fast_pie_b3_45_AACTGTTCAGGCTACT-1	5.5856414	1.4112133
tnf_post_pie_b1_1_50_AACTTAGTCATTAGCA-1	-5.806523	0.9753243
fast_pie_b3_45_CTAGTAATCAGCACCA-1	1.1123877	-1.2295694
tnf_post_pie_b1_1_50_GGGTTTGTCATGTCAA-1	-5.690299	1.1994655
fast_pie_b3_44_TCTCCTCGTTAGGACC-1	0.5143465	-0.7545223
tnf_post_pie_b2_2_55_ACTTAGGGTGCTAGCG-1	4.6081853	7.1194954
tnf_post_pie_b2_1_54_CAGGTTAGTTATCGAG-1	9.473317	8.12295
fast_pie_b3_44_AAGGCCCTCACGTTAA-1	-3.337357	0.7987557
fast_pie_b3_44_TGCTCAACACTATGGC-1	5.8812327	1.766852
tnf_pre_pie_b2_52_TTTGTGAAGCATTTCT-1	-5.1452374	1.9302028
ibd_pbmc_pre_TCCCGTTAGGCCTAAT-1	3.0744762	0.5650893
fast_pie_b3_44_CGGACCTAGCTATTAG-1	8.618955	8.367713
tnf_post_pie_b1_2_50_ACGACAAAGGATAAAC-1	-3.2648845	2.3347597
fast_pie_b1_40_AAGTTACGTATCTGGA-1	-4.3063107	1.1526451
fast_pie_b1_40_CCTAGTTGTAGCTAAT-1	10.821774	7.9435973
fast_pie_b2_43_GACGCAACACCCACCT-1	1.681739	0.06801322
tnf_post_pie_b2_1_54_GCACCTAAGTACCGCA-1	10.857077	8.001086
fast_pie_b3_44_CTTATTGGTCACTCGC-1	10.188713	6.9135766
lgtd17_TTGCGAGTCCTCCATA-1	0.85893184	4.7816625
lgtd17_GATTACTCAACTAGGG-1	2.4721496	4.354095
fast_pie_b1_40_GCACTTACAGGTCCTG-1	9.362285	7.6660323
tnf_pre_pie_b2_52_TACAGGTTCGCTCACT-1	-0.70238894	2.715969
tnf_post_pie_b2_2_55_ACTTGCACACAACAAA-1	1.9093899	1.874481
tnf_post_pie_b2_1_54_GTCCTAGAGTTAGTTG-1	-0.22073534	1.3054504
tnf_post_pie_b1_1_50_CCTTCGTAGTAACCCG-1	0.94075805	0.6979199
lgtd17_TAAGCTATCCTAAGGT-1	0.80067945	4.84367
lgtd17_ACACTAGGTTCGGGAT-1	-1.291414	1.6883526
lgtd18_ACGCAAGCATGGCCCA-1	1.3180516	9.071859
fast_pie_b3_45_GGACGGATCCTTGCAC-1	9.625672	8.246623
fast_pie_b1_41_GGCTCACAGTAGCCAT-1	1.2785535	-1.9045705
fast_pie_b1_40_TATGACATCCGCACAA-1	5.2631836	2.0594473
fast_pie_b3_45_GTTTAGCAGCACTAAC-1	-1.6997845	1.4502479
lgtd17_TTCACTGTCCCGCAAA-1	0.9625352	3.8297408
fast_pie_b2_42_GGTATTGGTACCTTAC-1	-1.3025885	2.4312239
fast_pie_b1_40_CCTGGATCAAGCTTAT-1	2.00377	0.59071165
HDj_GCTAGCGGTGATCAGC-1	-0.94856465	3.9258988
lgtd18_GTGTAACTCTCGCCTG-1	4.627323	8.720211
fast_pie_b1_41_TTAACCAAGTTTCCTG-1	-0.45588517	2.5765896
fast_pie_b1_40_AGGTCATTCAGCATTA-1	8.040709	-0.24670461
HDv_AATCCGTAGCGGATTT-1	-0.10501637	3.4030864
tnf_pre_pie_b2_52_GATCCGTCACCTATAG-1	0.8797566	2.1222162
fast_pie_b1_40_TGAGGTGCAGCCAGTT-1	0.15386635	-1.0312793
fast_pie_b1_41_CACATTAAGTTGTCTT-1	-0.48081776	0.45259538
tnf_post_pie_b1_1_50_GGTTTGTAGAAGCTAG-1	-1.1525956	2.892514
tnf_post_pie_b1_1_50_GGTGTCCAGAGAGGCT-1	7.8827953	6.3476744
tnf_pre_pie_b2_52_GTTAACCAGCCTGATG-1	-1.8850867	3.0482702
fast_pie_b2_42_ATGAAGTAGTTATGGC-1	10.007073	6.3417397
lgtd17_CACTGACCAGCAACCT-1	8.234685	7.866923
HDad_CTTAGTTTCCTGGCTT-1	1.6523331	2.2214224
tnf_post_pie_b2_2_55_TATGTGATCCACCTGT-1	5.405748	4.2291827
fast_pie_b2_43_CCAAATCAGCGGCTGT-1	6.087238	0.94847304
fast_pie_b3_44_GATGCTTAGCTCAAAC-1	9.917684	5.8646584
ibd_pbmc_pre_GCAATATGTTGCGTAA-1	1.6982803	1.2419742
tnf_post_pie_b2_1_54_TGGTGCATCTTTAGGA-1	10.442013	7.5023184
fast_pie_b1_40_AAAGGACGTGGGTACT-1	0.7090184	1.4886175
ibd_pbmc_pre_CTCGTTATCGGCTAGC-1	1.7461678	1.6069189
fast_pie_b3_44_CTGGTCAAGGTCTTGG-1	-1.8573177	0.77056414
lgtd17_TGCACCTTCGCAAACT-1	0.23912677	4.9025216
fast_pie_b1_40_AGGACTAAGCAAGGGT-1	1.1718655	1.425979
lgtd18_CGGTAACGTCCGGTTC-1	2.9013662	8.2760315
lgtd17_ATTGCAGGTGCCGCAA-1	6.9424033	8.141552
fast_pie_b1_41_ATTTAGCCAGAATGAC-1	2.1418715	0.66669697
ibd_pbmc_pre_ACGAGTAAGGTAGCTT-1	9.685852	8.075603
tnf_post_pie_b1_2_50_TTGGCTGAGTGAGCAA-1	1.0614638	1.990393
fast_pie_b3_44_GATTAGTGTTAGGCTA-1	1.3209141	1.894995
HDad_TCTTGACGTTGTTGGA-1	-2.0475607	4.3693604
fast_pie_b2_42_CCTTTAGTCGCAACAT-1	9.44746	6.9848557
lgtd17_TTTAAGCCATCGTTCT-1	2.3429585	4.733793
lgtd18_CGGACCTAGGGCCACT-1	1.7143757	7.8207984
fast_pie_b1_40_AGAGATTAGGACCTGC-1	7.901742	0.08090457
tnf_post_pie_b2_1_54_TCTTTGTAGTCACCAG-1	-2.6499717	1.330469
fast_pie_b1_40_ATTATGGTCCTACCTA-1	-0.6930853	-0.025903827
fast_pie_b3_44_GCCCGTTGTTGGGTTA-1	7.9263654	0.35959268
tnf_post_pie_b2_1_54_CATCAGCCACGTTACA-1	7.1600676	3.9280653
fast_pie_b3_45_GCTGACCAGTGAGCAA-1	4.2548323	1.699465
HDv_GGTTAATGTTTATCGC-1	2.0635567	2.7659416
fast_pie_b2_42_TTAATCGAGTCACCAG-1	8.455105	0.59878
fast_pie_b3_44_ACCAAACTCTAATCTC-1	8.374483	3.5683074
fast_pie_b2_43_GGTAAACCAGTAAGTA-1	-1.1750884	1.6355157
fast_pie_b3_44_GGATTCAGTGCATCGG-1	9.731949	1.7894452
tnf_post_pie_b1_1_50_GAGCTTAGTTAAGCCA-1	10.1018715	3.7609615
fast_pie_b1_40_TCAGCGATCAAGTGTC-1	0.008325391	1.824994
fast_pie_b2_43_CACCTCAGTGAATCGC-1	-1.2610403	4.471173
lgtd18_TATCGCGAGCACAGGG-1	2.3742447	9.148546
ibd_pbmc_pre_ATTAGCTCACATAACT-1	2.8637707	0.8384008
lgtd17_CGATTTGCAACCTGGT-1	1.449012	4.9800982
fast_pie_b3_45_GCGGGTTTCCTGGTCT-1	8.105597	3.9654977
ibd_pbmc_pre_GGTTATGGTGCTGGTG-1	-1.7055755	-0.30921134
tnf_post_pie_b1_2_50_TGAGCCGGTGTCCAGG-1	0.52723736	3.3923564
tnf_pre_pie_b2_52_GCATGAGCAACTAGGG-1	0.70885164	2.6751323
fast_pie_b2_42_AGCAATACAATAATCC-1	9.428844	6.7273235
fast_pie_b1_40_GGCTGGTTCGGGACCT-1	-2.0472708	-0.51872194
lgtd17_CGGTTCCGTCAAAGGG-1	1.6462237	5.9636908
HDa_TAAGCCAGTGCTAGAC-1	11.533113	7.811733
fast_pie_b1_40_CAGGAAGGTGGTTCTT-1	0.034463845	1.5719478
fast_pie_b1_40_AACGCTAGTTTACTTG-1	0.262239	-0.75801754
lgtd18_CAACAATGTATTGCAG-1	1.1905824	7.4236236
lgtd18_AACTAGTGTAGGTTGC-1	2.971938	8.251056
fast_pie_b1_40_AAGGTGCAGACTATTG-1	6.1250668	2.3465433
tnf_pre_pie_b2_52_TATGGTCAGTCGCAAT-1	9.006044	1.9345608
HDa_AATTACCCAACGTGCT-1	4.800458	1.4710201
tnf_post_pie_b2_1_54_AACTGTTCAACCCTCC-1	6.4764805	6.4946094
fast_pie_b3_44_ATAATGGCATAAGTCT-1	-4.0543203	2.4774232
tnf_post_pie_b2_1_54_GACATTATCAACAAGG-1	7.8217254	4.125878
tnf_pre_pie_b2_52_ATTGGTTCACCAAAGG-1	-5.3751493	0.48854682
fast_pie_b3_44_ACACAATGTGATTTGG-1	6.9988756	3.9688995
tnf_pre_pie_b2_52_TTGGGTTAGGCAGGTG-1	7.631453	4.5774755
fast_pie_b3_45_TCCCTCACAGCAAGTG-1	-0.2641486	0.09810213
tnf_post_pie_b2_1_54_TTAGACTCAGAACCGA-1	0.645756	1.320902
fast_pie_b2_43_CCTTCGGTCGAAGTAG-1	1.6923549	-1.3924196
HDa_AATCCATCAGCCGCTA-1	-1.3568312	2.280172
HDad_TCAAGGAAGTTTGGGT-1	7.951114	1.3010113
fast_pie_b2_42_GCAGGTGAGCAACAAG-1	2.7973425	-0.96543974
fast_pie_b1_40_CAGCCAATCGCAACAT-1	10.547346	8.072504
fast_pie_b3_45_CTCTGTTCACATTGCA-1	6.577459	7.865184
tnf_post_pie_b2_1_54_CTTACCTCAGCAACAG-1	-1.331351	0.09114797
fast_pie_b2_43_ACGGGAAGTTACTAGG-1	1.3359077	-0.031771757
fast_pie_b2_42_TGATCAATCGAAGTAG-1	8.596309	5.513477
tnf_pre_pie_b2_52_GAGTCATTCCAGGGAG-1	8.639719	8.553864
fast_pie_b1_40_ACTGAAACAAGGATTA-1	10.8820505	8.417738
tnf_post_pie_b1_2_50_AATTAGCGTAGGATCC-1	-5.259484	1.6650683
tnf_post_pie_b1_1_50_AAGTTACGTTACCTGT-1	1.1977153	-0.80461127
HDv_CCAGGAACAACTCGCG-1	0.517114	1.9552035
fast_pie_b1_41_AGCGTGCTCCCTGACT-1	-3.5300064	3.070556
tnf_post_pie_b2_1_54_GTGATCAGTCGTAAAT-1	7.0137978	3.4210544
fast_pie_b1_41_GAGGCTTGTTTATCGC-1	-3.3668292	1.3733515
fast_pie_b3_45_GGACGAAGTGTCACGG-1	4.718919	0.8708792
tnf_post_pie_b1_1_50_GGGCTAACAAGGTATA-1	1.8123012	2.579394
fast_pie_b1_40_CACGCAATCAATTGGC-1	-2.9229107	0.84805006
tnf_post_pie_b2_2_55_CTAGCTTGTGGAGCAA-1	2.2508805	2.7423081
fast_pie_b1_40_AATTACCCAGTCTAAT-1	6.380861	1.3241559
lgtd17_AAACCGCGTTCCTGAT-1	2.7874513	4.5915766
fast_pie_b3_44_GAGGACTAGCATGTTA-1	5.7648196	0.33739355
lgtd18_AAGCCTGTCGCTTGCT-1	1.624518	7.76619
fast_pie_b1_40_CGTTTGTGTAGGTGTC-1	8.574068	7.5276575
HDu_GTCTAACAGGAACCGG-1	1.8244864	7.1171894
fast_pie_b1_40_CGTGGTTCAAGGTAAC-1	2.0868483	-0.51535463
lgtd17_TAGCCGGGTAACAGGG-1	1.2661104	4.8382487
lgtd17_GAAACTGAGGGCTTTG-1	1.263391	4.810473
lgtd17_TTAGAAGCATGGCCTG-1	1.1707218	4.165564
lgtd18_GGTTGCATCCAATAGC-1	0.11977253	8.840123
fast_pie_b1_40_CAGAATCTCGGTTAGT-1	-0.75818324	-0.35771984
tnf_pre_pie_b2_52_TCAGGAGCAACATAAG-1	-3.4503915	3.4700053
fast_pie_b2_42_CTACTTAGTCAACAAT-1	8.781119	7.3677263
ibd_pbmc_pre_TCGTCAACACTTACAG-1	-1.0731626	2.5381596
fast_pie_b2_42_AAAGCCGCACAGCCTG-1	4.7517986	2.1158404
lgtd18_CAGCATGTCTAATCTC-1	1.2632039	7.4863195
fast_pie_b3_45_TACGGATTCCAGGTTG-1	-5.3041773	0.6047199
tnf_post_pie_b2_1_54_GCAAGCCTCCGTCCAT-1	10.997247	7.1290755
lgtd18_AACGGTAAGGCCTGGT-1	3.3692167	7.681817
fast_pie_b1_40_TCTTAGCGTACTTCAC-1	4.8740735	2.6079319
tnf_post_pie_b2_2_55_AATTCGTCAGGCTTCG-1	8.343153	5.0289717
tnf_post_pie_b1_1_50_GACTTGGTCCGCAAAT-1	10.708082	6.4728255
lgtd18_GGTATGTTCCGGTTGA-1	2.2887628	9.084962
lgtd17_TAGTGGCGTCACGAAC-1	0.27273825	8.693972
fast_pie_b3_44_TGCTAGCCACGAACAG-1	0.99028623	-0.19206269
lgtd18_CCCTCATAGTGCACGC-1	4.7860503	8.713665
fast_pie_b3_44_CCATTGTGTACAATGT-1	4.831293	0.7312152
fast_pie_b3_44_ATCGCTTGTCAATGTG-1	5.43315	2.2224715
lgtd18_GGCAGGATCCGGCTAA-1	4.950453	8.781763
fast_pie_b2_42_CTCCAAACATGAGTTT-1	-1.370346	1.3922575
ibd_pbmc_post_TGTCAGTAGTTAGCTA-1	10.118973	6.1577234
tnf_post_pie_b2_2_55_CAACTAGGTGTCACGG-1	-4.722146	1.8628366
tnf_post_pie_b1_2_50_TCACCGGCACGTAATT-1	-1.4298743	0.8540058
fast_pie_b1_41_CCATTATTCGCTATGG-1	-2.9457934	3.1882265
tnf_pre_pie_b2_52_CTATTACTCTCCTCAA-1	8.0050335	6.090263
fast_pie_b1_40_ACGCCACAGGGTGGAT-1	0.7323937	-0.052684717
fast_pie_b3_45_AGTGAGTCATTAAAGG-1	8.774671	7.0504336
fast_pie_b3_44_CTTAACAAGTTAGTGC-1	8.667813	7.6902256
ibd_pbmc_post_TATCGCACATTAAGCT-1	-4.591923	0.48283777
fast_pie_b2_42_ACCATAATCAGGTTTA-1	2.1251383	1.1259812
tnf_post_pie_b2_1_54_AATCCGTAGCACAGGG-1	10.008818	8.133653
lgtd18_ATATGTCCATTAGCGC-1	2.1018028	7.8216553
fast_pie_b1_41_ACACTTAAGTCCTTTG-1	4.886303	2.573989
tnf_post_pie_b2_1_54_TCGCATTGTACCAGGT-1	-4.056592	2.1825433
tnf_post_pie_b2_1_54_CAAAGCGCAACTAACT-1	9.738909	7.7969713
fast_pie_b1_40_TTCCCACAGAGAGCCG-1	2.4797509	2.1709402
lgtd17_TCCTTAGTCACGCATG-1	1.0305258	4.5636597
fast_pie_b1_40_ATCACTAAGAGCAAGC-1	-1.7528299	3.1362426
tnf_post_pie_b2_1_54_TAATCCGCAGTAATAG-1	-0.29094747	0.40234378
ibd_pbmc_pre_ACCTGGTCAAGTGAAC-1	1.1038073	-0.4500262
fast_pie_b2_43_GAAGGATGTGACATAT-1	-4.55494	2.3250525
fast_pie_b2_43_TTTGCGACAAGCCAGA-1	7.7877517	6.104163
ibd_pbmc_pre_TGTGTGAGTAGTTAAC-1	-1.8431334	0.16076033
lgtd17_TCGTTTCCAAACTAAG-1	2.1439006	5.0397773
tnf_pre_pbmc_b2_53_CAATGCCCAGGTTACC-1	5.793082	5.2078114
ibd_pbmc_post_GTGCACGGTTAATGAC-1	-0.32305458	1.7667096
ibd_pbmc_post_AGTAATCGTTTAAAGC-1	7.384605	3.6694224
fast_pie_b3_45_AAACGGATCCCTGGTT-1	-1.609636	0.7226342
fast_pie_b1_40_TCCTGTTCATCAATCG-1	-2.085579	1.1265935
tnf_pre_pie_b2_52_CCATAATCAATAGCCC-1	7.1756787	3.5952616
fast_pie_b3_45_TGACTTAAGGTGCGGA-1	3.1935916	0.028897947
lgtd17_TTTACGCGTACTGATG-1	1.0490434	4.893753
ibd_pbmc_pre_CCACACAAGATGGACA-1	2.8858185	0.91851044
fast_pie_b1_41_ATGCCTGAGTTGCGTG-1	1.8070618	1.696712
fast_pie_b2_43_AGCGCTCAGTAGGATG-1	0.045015037	0.69396675
lgtd17_GTAAGCGCAAGTGTTT-1	0.6423506	5.978218
tnf_post_pie_b2_1_54_TTCATCCCATTGCGTA-1	-3.9210322	0.74429023
fast_pie_b2_43_CGAGCTGGTGCTCACC-1	6.3190484	2.1905332
lgtd18_TTGCAAGGTTCACTGT-1	4.5647807	8.334579
fast_pie_b1_40_AGGATATAGTTTGAGC-1	5.7132454	1.6957617
fast_pie_b3_44_GCCACAATCCCGAACA-1	0.027478728	-1.0504477
fast_pie_b2_43_CGCCACACAGCAAATA-1	5.3286223	0.93320626
lgtd17_ACTATCCGTTGTAAAC-1	8.118208	8.25041
ibd_pbmc_post_GTGCTTACAATAATGG-1	1.9308794	2.3305829
tnf_pre_pie_b2_52_GGGCATTGTTAACGGC-1	-3.505574	3.8973348
tnf_pre_pie_b2_52_GCAAACCGTGTTGTAG-1	2.134361	2.5644946
tnf_pre_pie_b2_52_CTTAGGAGTGAATCGC-1	-1.7986087	3.338873
lgtd17_CAGGACCTCCGCAACA-1	-0.5521587	4.2261486
fast_pie_b2_43_GTAAGCAAGCACAGGG-1	8.217435	7.706291
fast_pie_b2_43_TGAGCTTAGTCCTGAG-1	8.035118	3.95297
tnf_post_pie_b2_1_54_GGCTATGTCGCTCACT-1	5.5083447	4.9339476
fast_pie_b3_44_CTGGTCAAGGAACGGT-1	2.9481587	-0.29067358
fast_pie_b2_43_CTTGCAACAACCTAAT-1	2.495855	0.8607975
tnf_pre_pie_b2_52_CTCAGGATCACATTGA-1	0.10456648	3.0450997
lgtd18_GGGCATTGTATTACCC-1	1.6520069	7.5093446
fast_pie_b3_45_AGCGGATAGCCTCTGT-1	8.423302	0.93860286
tnf_post_pie_b2_1_54_ACCTTCCAGTAACTCA-1	10.546553	6.9324355
tnf_post_pie_b2_2_55_ATTTGCAAGGCTACAT-1	7.4089203	3.614384
fast_pie_b1_40_TCCAGGATCACGAATC-1	9.385918	6.3395233
lgtd17_TTTGGTGCATGTCGCG-1	1.1179273	6.0957136
tnf_post_pie_b2_2_55_GATCGCTCATTAGCGC-1	5.0456114	6.5719314
fast_pie_b2_42_TCGCGAGGTTCCTGAT-1	-0.5770307	1.9945647
HDv_ACTCACTGTCAAAGAA-1	11.269672	8.498898
lgtd17_AAGCGCTGTCTTTGAC-1	1.0326807	5.078773
ibd_pbmc_pre_CCTGAATAGCTAAGTC-1	7.892353	3.93854
fast_pie_b2_43_CCAGCCTGTAGTCAAT-1	8.033476	-0.38032046
fast_pie_b3_44_GCTAGCCAGGCGCTAC-1	4.686213	1.6710954
ibd_pbmc_post_ATCCAACAGTCGCTAG-1	10.021679	6.273687
ibd_pbmc_post_AACCCGCAGAGGAAGG-1	2.5505636	-0.09018673
lgtd18_GTGATCAGTTTGTGGA-1	-0.011348683	8.735155
tnf_post_pie_b2_1_54_TCATTTGGTTAGGCTA-1	5.1769943	2.7254682
HDu_AATCATGTCCGCAAGC-1	2.9995859	7.3789225
lgtd17_GGGATTAAGCACGTTG-1	1.6852611	5.360088
tnf_post_pie_b2_1_54_CCTCCTGAGGGCCACT-1	5.238475	5.752298
ibd_pbmc_pre_ATTTGTGAGGAACACA-1	-0.41773087	0.7286162
fast_pie_b2_42_GCTTACCTCATGCCTC-1	2.8046377	-1.251617
HDa_AACCGCTCAACTAGCC-1	4.6050124	1.7485317
ibd_pbmc_pre_GTTTAGCAGCGCAATT-1	1.5890282	-0.45126572
lgtd18_ACTTAGTCAGGGAGGA-1	3.2365477	8.566347
tnf_post_pie_b2_2_55_GACCTTTGTTCGGGAT-1	-2.7410676	2.9007943
fast_pie_b2_43_ATCCACCTCTGGCATG-1	6.500239	1.7257279
fast_pie_b3_45_AGGCAGGTCTGGCTTC-1	-0.36974567	1.8893285
fast_pie_b1_40_ATCTATGAGACTTATG-1	-1.1258624	-0.74383086
fast_pie_b2_42_TGAACAACAATGAAGC-1	6.86264	0.68855417
fast_pie_b3_45_GGCATTGTCGCAAACT-1	0.6691509	-1.6786585
lgtd18_CACCTCAGTTCCTGAT-1	1.6723695	8.505714
tnf_pre_pie_b2_52_TCTTGTCCATGCTCCC-1	4.7760124	1.8052863
tnf_post_pie_b2_1_54_CCCTAATGTTTACTTG-1	4.680716	6.3481526
lgtd17_TAACAAGCATAATGAG-1	0.10897111	4.9297028
tnf_post_pie_b2_2_55_CGGTTCCGTACCTTAC-1	6.665566	3.9035475
lgtd17_ATTGTGATCGATCAGT-1	1.081964	4.6808996
fast_pie_b3_45_CGGTTGGGTCCTCCAA-1	9.026176	1.5893002
tnf_post_pie_b2_2_55_GGATAACCAACTAGAA-1	8.5185585	7.5083566
fast_pie_b1_40_CCTGTTGGTTTCAGGA-1	-0.71592253	-0.8321404
fast_pie_b3_44_GTCTATGCACCTGGTG-1	5.3383737	0.938524
fast_pie_b2_42_TCGGTTTGTAGCCATA-1	-0.81806636	5.49958
fast_pie_b3_44_ATATGCATCTTGATGA-1	9.052946	7.3282857
fast_pie_b1_40_AGGTACGCAAGGTGGC-1	-0.2623923	-0.15716168
ibd_pbmc_pre_AGAATCGAGTTCCCGT-1	1.4823444	2.023049
ibd_pbmc_pre_ACTAATCCACCTGCTC-1	11.053096	7.4666643
lgtd17_CGGCTAATCTCACACC-1	1.7154545	4.094228
fast_pie_b1_40_CCGCTAGCATGTTGTG-1	-5.308948	0.57080686
tnf_post_pie_b2_2_55_AGACACGCATCCATCT-1	-3.294306	0.47783262
ibd_pbmc_post_AAGCGTTTCCCTGGAA-1	-2.7061179	4.383429
fast_pie_b2_42_TTATCCGTCCCGAACA-1	2.949379	-1.1272151
lgtd18_CATCGCTTCCCGCAAA-1	2.3848944	7.9300756
tnf_post_pie_b2_2_55_TGTGCTGAGGAACGGT-1	4.1563444	5.691721
tnf_pre_pie_b2_52_CGGTTATAGGCCAATT-1	7.6231003	6.5330296
tnf_post_pie_b1_2_50_GAGCTTAGTGCCGCAA-1	2.5080872	2.4215863
tnf_post_pie_b2_2_55_TTTGGTAAGGTTACAC-1	4.183513	6.502186
fast_pie_b3_44_TAAACAGCAATCGCAC-1	-0.77014	0.39177012
tnf_post_pie_b2_2_55_GCGCCTTGTATTGAGT-1	0.43818137	3.1665957
lgtd18_GAGTGTTTCGTCCTTA-1	1.732861	8.649039
tnf_post_pie_b1_1_50_TTGGATTCAGCAGGTA-1	0.8371431	6.3996973
tnf_post_pie_b2_2_55_CTAGCTTGTAACTACG-1	5.328422	7.995781
lgtd17_GATGCATTCAGCACCA-1	7.4496446	7.7661138
tnf_post_pie_b2_1_54_ACTTTGTTCAGCAAAG-1	9.598818	7.3414316
lgtd18_TGTCATAAGCGGCTGT-1	3.772376	8.73314
fast_pie_b2_42_AGCTAGTTCTCGACCT-1	8.227667	5.51846
fast_pie_b3_45_GTTACTAAGAGGAGGA-1	8.952194	7.933731
fast_pie_b3_45_GACCGAACACCGTTCC-1	1.166287	1.3452322
fast_pie_b3_44_ACGTCCTTCTCGCCCA-1	1.7175115	-0.26269916
fast_pie_b2_42_TTTGCGACAAGGAATC-1	1.30548	3.0382543
tnf_post_pie_b2_2_55_TCACCGGCAGTAATAG-1	-2.0534382	2.2488773
fast_pie_b2_42_TCCCTCACACAGGATG-1	-2.2449787	0.13236916
lgtd18_ATATGGTGTAACGAGG-1	1.0215285	8.472663
ibd_pbmc_pre_AATTGGACAAGGCCAA-1	10.226737	7.377221
tnf_post_pie_b1_2_50_GGTGTTGTCTTGACCC-1	9.616419	7.8410463
fast_pie_b3_44_GCATGAAAGTGAACGA-1	9.453097	8.914399
lgtd18_TGTATCGCAATAGCCC-1	0.83542895	7.446873
ibd_pbmc_pre_TTATGACCAAGTGTTT-1	2.9627795	1.0924271
tnf_post_pie_b2_1_54_CCCTTAATCAGGCTAT-1	4.5041184	5.1483483
lgtd17_TGGTTCCTCCCAGTAG-1	6.7421207	8.1510515
fast_pie_b1_40_TGCTTAAAGGGTCCAC-1	-2.5818205	1.8630257
tnf_pre_pie_b2_52_ATGAAGCCACCCTCAC-1	8.026382	-0.259873
ibd_pbmc_pre_GGCATTGTCGATTTAG-1	0.9390641	1.1466261
lgtd17_AGTAATCGTTAATCGG-1	1.2059001	5.010498
fast_pie_b3_44_TTAGGAACAATGAATG-1	9.168845	7.804251
lgtd17_ACCTACCTCTAGCTAA-1	7.2565837	8.596585
lgtd17_TCTTGACGTCGACTCC-1	1.4038038	4.9146943
lgtd17_CCTTCGGTCCAATAGC-1	-2.2775116	4.317641
tnf_post_pie_b2_1_54_AGTTGCGTCTTACTCG-1	0.45330077	2.1855242
tnf_post_pie_b2_2_55_GATTACGGTCTTTATG-1	1.7938966	0.6131126
tnf_post_pie_b2_1_54_TCTCCTCGTCATTGTC-1	-2.976542	3.6127148
tnf_pre_pie_b2_52_AATGTCATCGCGCTAA-1	4.5547905	2.3015146
ibd_pbmc_post_TACATCAAGGAAGCAC-1	2.4347324	0.9538027
lgtd18_GTATTGTCATCACAGC-1	0.35749146	8.959965
tnf_post_pie_b1_1_50_AAAGCCCGTCCTAATC-1	-0.9094506	3.5237772
fast_pie_b1_41_CGTAGCGGTGCTCCGT-1	2.1570938	1.279231
fast_pie_b3_44_ACCCGGTAGGCTTAGT-1	0.95074296	-1.6624107
lgtd18_AATCCATCAATGCCTA-1	1.4294714	8.302157
tnf_post_pie_b2_2_55_TGATCACAGTAGCGCC-1	4.173263	6.1791215
fast_pie_b2_42_GTCGGTTCAAGGTCCT-1	0.6917944	-0.35590875
tnf_post_pie_b2_2_55_GCTATCCTCTGCAACG-1	4.0668983	6.6851606
HDv_GTTCATTTCTAACCTT-1	1.2820971	2.5768626
tnf_pre_pie_b2_52_ATTGCTCGTGACATGC-1	2.1134686	3.0323856
fast_pie_b2_42_TCTCCTCGTTGGATCA-1	10.447564	4.4806347
lgtd18_ATGGCCGGTTTAACCC-1	4.790599	8.671424
tnf_pre_pie_b2_52_AAAGGAGCAGGTATTT-1	8.452801	6.683356
fast_pie_b3_44_GAGCTTAGTTCCAGGG-1	-0.80446583	3.2827773
fast_pie_b3_45_TTGTGTGCAGGTTACC-1	10.198672	4.54624
fast_pie_b1_40_CTTAGGAGTAACAGGG-1	1.4480027	2.7919445
fast_pie_b2_43_TGCCGGTAGCACTAGT-1	3.2817976	-0.50759864
lgtd18_GCCTTTATCACTAATG-1	1.7392619	8.099525
fast_pie_b2_43_GTTGGAGCACCTCGCT-1	-5.007958	0.9532464
HDa_AGCAAGGGTGCTAGAC-1	4.1595993	0.7692824
fast_pie_b2_43_AAGTGAAGTACCGTTT-1	-4.0286894	0.059614748
fast_pie_b3_44_ACCAAGTTCGAAGCGG-1	3.6760108	7.1306186
lgtd17_AAGGCCCTCCTACCTA-1	0.37888673	4.9398775
tnf_post_pie_b2_2_55_TGTTATGAGGAGGACT-1	8.130452	6.9446244
ibd_pbmc_pre_TCCGGTAAGTGAGCAA-1	1.981328	0.9123907
ibd_pbmc_pre_CAGGCTATCATGCTAA-1	1.8852404	1.1045164
fast_pie_b1_40_GCAGGTTGTATTTGCC-1	-1.0450386	1.301304
fast_pie_b2_42_GTTAACCAGGTTAGCT-1	0.62318873	1.3925773
HDad_TTACACCGTAACGAGG-1	-2.8212006	4.4228134
ibd_pbmc_pre_CAGCTATAGTTGCCTC-1	2.8811204	0.6240011
tnf_post_pie_b2_1_54_GATTAGTGTGATTTGG-1	0.5813741	1.7436247
lgtd18_GTAGTTTCATTGTCAG-1	1.8932414	9.031867
fast_pie_b3_44_CTCACACTCTCTAGCC-1	-0.04628886	-0.99266183
HDv_ACGGTTAGTTGCAATG-1	9.932498	7.43924
fast_pie_b1_40_TCATCCATCGCCTAAG-1	5.502625	2.5319386
fast_pie_b3_44_GAGGCCTTCAGCACGC-1	9.324972	8.61044
tnf_post_pie_b2_1_54_CGTCAATAGCATGTTA-1	-2.8174329	1.9058292
fast_pie_b2_43_CTGTTCATCAAGTGAG-1	8.243747	0.6965098
fast_pie_b2_42_TCCGGAATCCCGCCTA-1	8.166032	-0.002616948
tnf_pre_pie_b2_52_TTTAACGAGCCTAATA-1	9.367045	8.791052
lgtd17_AGCTTCCTCGCTAAAC-1	0.008237424	4.808582
tnf_pre_pie_b2_52_GGGTCAACAATAACCT-1	-2.9781773	0.79353845
lgtd18_CTACCTCAGGCATTAC-1	1.907696	8.478762
ibd_pbmc_pre_GAGTTGCGTTGAGGTC-1	-3.2378235	3.4869092
tnf_post_pie_b1_1_50_CGATTCCTCGATTCTT-1	-0.75379324	-1.1023822
lgtd18_AGCGCTCAGGTCCGTA-1	1.2187952	7.585028
fast_pie_b2_42_CAGGGTGAGCACTAGT-1	8.281871	6.9325376
fast_pie_b3_44_GCTGCACAGACTTACA-1	10.770158	6.5343657
tnf_post_pie_b2_1_54_ACTAGGCGTCCTCCAA-1	1.3574136	1.6031642
fast_pie_b1_40_GCATTAGGTGCGCATG-1	1.8322698	-1.7258362
fast_pie_b1_40_CATAATCCAGGAAGCC-1	2.4995422	1.8968292
fast_pie_b1_40_GCGGTTATCAATGTCA-1	-3.8048544	3.1762412
ibd_pbmc_pre_GGCAAGCCAGGACCTT-1	0.44865882	1.7507279
fast_pie_b2_42_CAGCTCAAGGATTGCT-1	9.662642	6.9260197
ibd_pbmc_pre_GATAAAGGTTAGCAGC-1	2.5320683	1.0988023
ibd_pbmc_post_TGCAAGCGTCACGGAT-1	6.366551	4.124929
fast_pie_b1_40_TATAGCTCATAATTGC-1	0.5754969	0.5820335
fast_pie_b1_40_AAGCCTCCAAGGCCAA-1	9.309797	5.912248
fast_pie_b2_43_GTTCGCGCAGTTGCGT-1	2.5182815	-0.2611676
tnf_post_pie_b2_2_55_GTCCAAGTCCTGATTT-1	4.8399677	6.4993634
fast_pie_b2_42_AAGTTAGCAAATGCCC-1	-1.6007084	1.5219327
fast_pie_b2_43_GACTTACAGTGAACCT-1	0.6945066	0.9908074
HDu_TGTGGCTCATTTGCTC-1	5.4562783	7.6110315
fast_pie_b2_42_TTGGAGGCATAGACTT-1	0.4094802	2.203327
tnf_post_pie_b1_2_50_ATCCGTGAGGCTGTGC-1	-4.8465123	2.046196
tnf_post_pie_b2_1_54_GGATTATGTATCTGGA-1	-0.61199355	0.6522827
fast_pie_b3_45_GGTCAGGAGGAGGGTT-1	8.113745	7.107914
tnf_post_pie_b2_1_54_AGACCCGGTGTCCTGC-1	-3.4480364	0.28091624
fast_pie_b3_45_ATGCAAACACAGCCAT-1	-1.8313351	2.0041385
tnf_post_pie_b1_1_50_CCCAATTGTGCTTAGA-1	8.032321	6.2540927
fast_pie_b1_40_AGCACTAGTCTAACAG-1	7.471627	3.5809033
tnf_pre_pie_b2_52_CAAGGTTTCACCAATA-1	-1.9669279	3.005294
fast_pie_b2_42_GTGCACGGTCATTGTC-1	-1.6770896	-0.2339314
lgtd18_GTTCGCTTCTGTGCAG-1	0.8364964	8.147969
fast_pie_b3_45_GGCAGGATCGATAACC-1	8.470335	0.05156855
fast_pie_b3_45_TTAGCTGCATGTTTGG-1	6.642792	1.8545778
lgtd17_ATGTTGTCAAGGTGCA-1	6.6854677	8.435295
fast_pie_b1_41_CTCTCACAGCCACATG-1	9.685657	6.5580893
tnf_pre_pie_b2_52_GTGGCTTCAGGCATGA-1	9.1872225	8.044386
fast_pie_b1_40_ACCAGGACACATACTG-1	1.2297577	-1.962087
lgtd17_AAGCTAGAGGTTTACA-1	0.7912614	4.8863564
ibd_pbmc_pre_TGATGACTCCCGAACA-1	2.722738	1.4583408
HDv_ATACCTGCACCAGGTT-1	-2.8889132	2.4028473
fast_pie_b3_44_GGGCCTAGTTAGAGCC-1	8.351385	3.4816427
lgtd17_GCGATTTAGACTAAGG-1	1.670125	5.5721807
fast_pie_b3_44_ATGATGACAAGGTCCT-1	-2.925238	-0.08430299
lgtd17_GAGAAACGTTTACTTG-1	0.9138898	4.5115685
lgtd17_CTTTGGGAGTTAGAGG-1	0.8637065	5.78011
fast_pie_b3_45_AAGTTAGCACCAGGTT-1	10.602164	7.580605
tnf_post_pie_b2_2_55_CTTTCTTGTAACCACA-1	-4.856771	0.44522408
ibd_pbmc_post_CATTATGAGCGCCTAA-1	2.06108	2.4610887
fast_pie_b2_42_CTATTGAAGCTTAGCG-1	8.18283	7.516638
fast_pie_b1_40_AGCGGATAGCTTATGA-1	9.039202	6.1940165
lgtd17_AGGTTTGGTAAGCTTG-1	1.8057781	4.7193017
fast_pie_b3_44_CTGTTGGAGCGCCTTT-1	4.529132	6.9763594
tnf_post_pie_b2_1_54_AACCGCTCACATGCTA-1	5.3722463	5.830009
lgtd18_CGGCCATAGCCGGTAC-1	0.94009346	8.685633
fast_pie_b2_42_GGCTGTCAGACACTTA-1	-0.6820778	0.32442957
lgtd17_TCCTCTAAGTTTGGTA-1	1.8978044	5.0440016
fast_pie_b1_40_TTAGGCGTCATAATCG-1	-5.056645	1.5681063
tnf_post_pie_b2_1_54_TCGGTTCTCAGGGCCT-1	-2.751254	1.8652972
fast_pie_b1_41_CTATTGAAGAGCCGGA-1	2.092249	2.2714236
fast_pie_b3_45_GGGAATATCTAAGGAG-1	9.178901	8.121021
tnf_post_pie_b1_2_50_AGAACAAGTCATCCTG-1	9.038523	7.8661885
ibd_pbmc_post_CAAAGCGCAAATTCGT-1	9.846	8.555653
tnf_post_pie_b2_2_55_TGAGCAAAGCTTAGCG-1	5.050506	6.6379743
lgtd17_TGTGGCCAGTTATGGC-1	1.8752637	6.599895
lgtd18_TATAACCCAATGCCTA-1	1.0722334	8.062641
ibd_pbmc_post_AGTTGGCGTCGACTAA-1	-3.4295	2.9104044
fast_pie_b2_43_ATCCTGACATAATGTC-1	0.44201237	0.25563934
fast_pie_b3_44_TTAGCCTGTTGCACAA-1	9.092416	4.6351714
fast_pie_b2_42_TATTCGTTCAGCACGC-1	5.7544913	2.4578803
fast_pie_b2_42_CGCTAACCATCGCTTT-1	1.8471571	-0.21990715
fast_pie_b3_44_CAATGACTCGCATCCT-1	5.6044908	1.6558584
tnf_post_pie_b2_1_54_TAGGGTTTCGCATCCT-1	-0.18142535	-0.24839993
tnf_post_pie_b2_1_54_CAGCTCAAGTCATTGA-1	4.9868064	0.8059279
HDad_CACTTAAAGTAAGTGG-1	-1.785845	4.131476
lgtd17_CTCGACAAGCACAGCC-1	-0.18674088	4.5374293
tnf_pre_pie_b2_52_AGAAACCCATAGACCC-1	9.653853	4.646905
fast_pie_b1_41_ATGTGAGAGACAAAGT-1	1.7809503	0.537436
tnf_post_pie_b2_1_54_ATTATCCTCTTAGTGA-1	8.822285	6.3397975
tnf_pre_pie_b2_52_GTTTATCTCATTCATC-1	0.26875302	-1.2592701
fast_pie_b1_41_CCTAAATCAGGAACAT-1	1.9323853	-1.6734189
tnf_post_pie_b2_2_55_ATTGACTCATGAGCAG-1	4.1328654	6.8970346
fast_pie_b1_41_CAGCTAAGTAGCTAAT-1	1.5997651	0.97031724
tnf_pre_pie_b2_52_TACGTTAAGCCTTAAA-1	5.2320786	5.9205604
fast_pie_b2_42_GCCATTACAAGTGAAC-1	-1.9288155	1.8415736
tnf_post_pie_b2_1_54_CATCCTGGTTGGTTCT-1	4.936738	5.31908
fast_pie_b2_42_AAGCAAGTCTTTAGGA-1	2.337539	1.0341303
tnf_pre_pie_b2_52_TTAGACTCACATACTG-1	2.9980202	1.3523477
fast_pie_b1_40_CTGTATTTCTAAGGAG-1	1.9822781	-1.4735589
fast_pie_b2_42_CGGAATCGTGAGACTC-1	9.618058	2.023559
tnf_post_pie_b2_1_54_ACCGAAGCAGGCTTGT-1	0.58658266	4.1462197
fast_pie_b1_41_AACATTGTCGCAACAT-1	0.21089473	-0.065860026
ibd_pbmc_post_CGTCCTAGTGGATGTC-1	-0.29685187	-0.8359824
tnf_post_pie_b1_2_50_AAGCTATGTTCGGTAA-1	0.59465396	1.5641567
lgtd18_GCTTGACCATCTAGCA-1	0.7332908	9.03629
tnf_post_pie_b2_1_54_AGATGCTTCCACCTTA-1	-0.56620705	-1.0702454
ibd_pbmc_pre_AGAACCGCAGTAGGAT-1	-1.0748434	0.59212613
lgtd17_CCTGTAACAAGTGTTT-1	1.2224756	4.4596457
HDa_AAAGCCGCACCTCAGG-1	10.959764	9.068968
lgtd17_GTTGCCCGTATCTGGA-1	2.8943348	4.152156
tnf_post_pie_b2_2_55_TACATCAAGAGAAGGG-1	8.108775	7.2509127
tnf_post_pie_b2_1_54_GATGGCTGTTGAGGTC-1	-3.5544713	-0.22727458
HDa_GCTGGATGTAAAGCAA-1	-3.0613513	2.3704505
tnf_pre_pie_b2_52_TTGTGCCTCGGCTAGC-1	2.3208988	2.6172318
lgtd18_CCTTAGTGTAGGTTGC-1	0.6373894	9.217812
fast_pie_b1_41_CAACTAATCGCTCACT-1	0.1929883	-0.036403976
fast_pie_b3_44_TTATGCGCAATAGTCT-1	5.1910176	2.575011
fast_pie_b1_40_TTATGCGCAGAACCGA-1	0.40362325	-2.2721937
fast_pie_b1_41_GTAGGTGCACCTACTT-1	9.913792	6.712573
fast_pie_b1_40_GTCTATGCACACTAAT-1	-1.6636676	-0.041185163
fast_pie_b2_42_CTTATGTTCCCGTTAC-1	-0.53983283	1.2314954
lgtd18_GAGCCACTCAGGCTAT-1	1.5276334	8.118708
ibd_pbmc_pre_CTTAGGAGTTTGCGAA-1	10.184287	7.9656568
fast_pie_b2_43_TGCTCTCAGCTTATGA-1	5.4779224	1.8776126
tnf_post_pie_b1_1_50_TTGCTCTCATGACTAT-1	9.109099	7.9708877
fast_pie_b3_45_TCTCGCCCACCGTTCC-1	-5.0816445	0.25683215
fast_pie_b3_44_TCCTTAGTCCGTGACA-1	-0.09156672	-1.7439291
fast_pie_b1_40_TATGAAGCATCCATCT-1	8.0708	-0.22214155
lgtd18_CCCGTTGTCGGGATTT-1	0.88558435	9.2081175
tnf_pre_pie_b2_52_CTTTAGTTCAGTGAAG-1	11.118496	7.065621
fast_pie_b2_42_TAGCCTGAGGGTGAAC-1	0.35366538	1.2980223
fast_pie_b3_45_AAGTTACGTGATGATT-1	3.8370693	1.8355708
tnf_post_pie_b2_1_54_AGCTTCCTCATGCTCC-1	10.224531	7.819582
HDad_GCGGTTATCAGCACGC-1	-3.8011591	2.8794363
fast_pie_b2_42_GGAGCATAGGCATGAA-1	-0.5489844	-1.85376
tnf_post_pie_b2_1_54_GGACATAAGGAACGCG-1	9.943978	4.0823812
tnf_pre_pie_b2_52_AGGTAACCACTTAACG-1	-1.3023628	2.7047992
lgtd17_ACACCTTGTATTGGTG-1	-2.225527	4.6522284
fast_pie_b3_44_CAATAAGCATAAGGAC-1	0.93999666	-0.9273249
fast_pie_b3_44_CGCATTTGTTGTTCAC-1	1.0844394	1.4615562
ibd_pbmc_post_ACGCTTGAGGCTAAGA-1	-1.8381876	1.3128564
fast_pie_b2_42_AACCGGCTCAATCTAG-1	8.444765	5.724458
fast_pie_b2_43_TTAAGGACATAGCAGG-1	6.9662995	4.269753
fast_pie_b2_42_CGCCAAATCTCATCAT-1	8.342343	5.5882154
lgtd17_GGATGTAAGCATGACT-1	-0.2697894	4.8077574
tnf_post_pie_b2_1_54_TCCATATTCGAAGCGG-1	-1.0569259	-0.13599107
tnf_post_pie_b1_1_50_TGTAATGTCCTAATAG-1	1.8069293	5.742718
tnf_post_pie_b2_2_55_AGTCGCATCGGTACGC-1	4.9731607	6.3182383
fast_pie_b2_42_AAGCTAGAGTTCCCGT-1	0.36337095	-0.17643115
lgtd18_TGCCGGTAGTAGCGGG-1	2.708856	8.376856
fast_pie_b2_42_AACGCCCAGGCCATCA-1	-1.2886214	1.5162408
lgtd18_CGAAGGCCACAGGAAT-1	3.0470383	7.7986026
tnf_post_pie_b1_2_50_GTCATGAGTGGAAACG-1	5.1915917	1.6678556
fast_pie_b1_40_CAACTAATCAATTGGC-1	-0.0031032786	-0.7152675
ibd_pbmc_pre_GATTGCAGTAGGTGTC-1	8.639576	0.59746104
lgtd17_GCCTGACAGAATCGCT-1	0.6663361	5.127422
fast_pie_b3_44_CCCTAATGTCACCAAA-1	10.624217	7.9684253
fast_pie_b3_44_TCTTAGCGTTTGAGCA-1	2.1067562	2.8656058
fast_pie_b3_44_AGTGCCGGTGTTTGAG-1	-0.4278944	3.6966276
lgtd17_AGGAACCAGGCCCAGT-1	-2.211977	4.826355
fast_pie_b2_42_ACAGGATCAGGCATGA-1	-0.5757322	0.8611669
tnf_post_pie_b2_1_54_AGTGGACAGACAGGCG-1	7.963968	8.297663
HDa_TCGGTAAGTTAACGGC-1	-0.59404606	2.855665
tnf_post_pie_b1_1_50_TAGCCGGGTGTGAGAG-1	1.0036833	3.389008
tnf_post_pie_b2_1_54_CCTAAATCACTAGCGT-1	11.088785	7.6625495
tnf_post_pie_b2_1_54_TTGCTCTCAAGTAAGC-1	-4.8447986	0.55453503
fast_pie_b1_41_TGCACCTTCGGTTAGT-1	9.5160475	6.211717
fast_pie_b2_42_AGAGAGGAGCGGATTT-1	-0.92558396	6.120395
tnf_pre_pie_b2_52_AGCTAAACATAAGCAA-1	1.1613219	2.2430465
fast_pie_b2_43_CATCCTGGTCCGTGAG-1	-1.793571	2.2499135
HDv_ATTTAGGTCCTAAATG-1	-1.0076733	0.92407143
fast_pie_b1_41_ACATTGCAGAACAAGT-1	0.35207292	-0.76802456
tnf_pre_pie_b2_52_TCTTAGCGTGGATGTC-1	6.565625	4.501965
ibd_pbmc_pre_GACTAATGTAACAGGG-1	9.444276	8.53206
fast_pie_b2_42_ACCTGGTCACGGTACT-1	8.961498	6.521154
lgtd17_CAATATGTCTCCTCAA-1	0.47024772	2.4429257
fast_pie_b2_42_TACGGTTAGCGCCTAA-1	6.698866	5.0361714
ibd_pbmc_pre_GATGGCTGTTGTAAAC-1	-4.756659	0.96635705
fast_pie_b1_41_ACTAAAGCATGGAGGC-1	9.573464	6.7015457
tnf_pre_pie_b2_52_GCTTGTTGTTTGCGAA-1	-3.581356	3.855252
fast_pie_b1_40_CCTAAGTAGGCTAAGA-1	-2.144272	0.5673982
ibd_pbmc_pre_GGTCAAGCATATAACC-1	5.5281105	1.620077
fast_pie_b2_42_TCGCCCATCTGGCATG-1	-1.0027188	1.4968499
ibd_pbmc_post_CTGTGTGAGTTAGACC-1	9.852669	8.115147
fast_pie_b1_40_AGGACGTAGGAGGGTT-1	8.265801	0.7441019
tnf_post_pie_b2_1_54_AACCGCTCAGTCTAGC-1	1.0992948	-1.9158006
tnf_post_pie_b2_1_54_CGTGAGGAGGGTGGAT-1	-2.3676336	2.6726267
lgtd17_GAGCGGTCACTTCATC-1	6.4179926	8.735638
fast_pie_b1_40_GGCAAATCAGCAATAA-1	0.5407407	-0.9173995
tnf_pre_pie_b2_52_GCCTCCATCCAAATCA-1	2.2601783	0.67042816
fast_pie_b3_44_TTTCACCCAATATACC-1	0.20865332	-1.7523348
HDa_GCTAAGCGTACGTTTC-1	-2.3390064	3.8914232
fast_pie_b3_44_ATAGGTACAGAATGAC-1	0.22993141	-0.78670114
tnf_post_pie_b2_1_54_CCATAAGGTAACCTAG-1	-0.7406045	1.5842855
tnf_post_pie_b2_1_54_GTTTGTAAGCTTAGTA-1	4.704317	6.817169
ibd_pbmc_pre_ACTAACTCAGCTAATT-1	2.5497434	0.8467404
fast_pie_b3_44_GGCGGTAAGGACCTGC-1	-0.85160655	1.0105639
ibd_pbmc_pre_ACTTTGTTCACGCGGT-1	2.919412	0.5057596
lgtd17_CAATATGTCGTAACGT-1	1.7901134	4.3086786
lgtd17_GTGTGCGGTCAAACTG-1	7.6183023	1.7130258
tnf_post_pie_b2_1_54_CGCATATAGTGAGCAA-1	4.778657	5.662112
lgtd18_GGCATTAGTGCAATGC-1	4.8249307	8.777819
tnf_post_pie_b2_1_54_GTTTAACCATAATCGT-1	5.6214876	0.4782838
lgtd17_GGCGCTAGTCATCCTG-1	-2.491125	4.8369823
fast_pie_b2_42_ACGCACGGTAACTACG-1	-2.936703	3.1238608
fast_pie_b1_40_CGTGCACAGGCCCAGT-1	8.28417	5.1233716
fast_pie_b3_45_AATTTCCTCATCCTCA-1	2.2092235	-1.2188741
fast_pie_b3_45_AGAAGGTGTAATCACG-1	2.047476	1.5901239
fast_pie_b2_42_AATTTCCTCATGAGCT-1	6.312587	4.3714485
tnf_post_pie_b1_1_50_GAGGTGAGTATTCGTC-1	8.37574	7.6796727
fast_pie_b3_44_GGTACAAAGCACTAAC-1	4.828795	2.5670705
fast_pie_b3_45_ATGCAGGCAATCCTAG-1	-1.3341318	0.6105016
fast_pie_b3_45_CAGAATCTCCTTGTTG-1	0.13595675	0.26901475
tnf_post_pie_b2_1_54_CTAGCGGGTATCTGGA-1	9.322389	2.0679526
lgtd18_TGACCAAGTGTTTGTC-1	1.7407635	8.363109
HDa_GTAAGCTTCACGAATC-1	-1.8206116	3.3915844
fast_pie_b2_43_TCTAATCTCAACAAGG-1	9.423823	5.1610575
fast_pie_b1_40_CAACCCTTCAAGCCTG-1	1.3702321	0.24757582
HDa_CCCATAACAAATGCCC-1	10.624314	8.907518
lgtd18_GGATACTTCCTCGATC-1	1.2093376	7.4375405
tnf_pre_pie_b2_52_CGACCTGCAGGTTTGC-1	9.142081	8.042943
lgtd17_CATTATCTCAAATCGC-1	5.4976764	8.644735
fast_pie_b2_42_TGATTGCAGCCTTAAA-1	-0.39618084	1.6245877
fast_pie_b1_41_CTGTACCTCTCACTCA-1	9.375098	5.907912
fast_pie_b1_40_TGATCAGGTGTGCACG-1	2.006289	0.48424897
HDa_CCAGGAACAGTTATGT-1	4.319756	1.4694353
tnf_post_pie_b2_1_54_CTCGCTCCAGAGAGCC-1	-1.0421305	-0.34077215
ibd_pbmc_pre_CTCATTGTCTACCTCA-1	2.2687287	0.257767
fast_pie_b1_40_GTACACCCATCATGTG-1	1.387449	0.02734264
fast_pie_b2_42_CTCTAGCTCGTTATAG-1	0.13046768	0.9125585
tnf_post_pie_b2_2_55_AATTGGACACGCAACT-1	-1.3006301	-0.298399
ibd_pbmc_pre_CAACCCGCATAAGCAA-1	9.623808	7.9483924
fast_pie_b2_42_CACCAACCAACTCGCG-1	8.857547	7.9492645
fast_pie_b2_43_TATCGAGGTTCCGCAC-1	9.1817045	5.334996
ibd_pbmc_pre_TGGGCATGTGTGTGGT-1	0.40519193	3.3282456
fast_pie_b3_44_AAGCTATGTTTAGCTC-1	7.265179	3.4479191
HDa_GGGTGTTGTGAACAAA-1	10.369661	9.086724
fast_pie_b2_42_ATCGAGGCATTGTCCT-1	3.6876054	-0.50793046
ibd_ilc_pre_ACTTACTTCACCAATA-1	10.545974	4.952937
lgtd17_CGCGGATTCCGCCTAT-1	1.080329	4.5836096
fast_pie_b2_43_GGTAACCGTTTAGTCC-1	0.43899125	-1.1858898
fast_pie_b2_42_CTGTTAAAGTTCCCAC-1	7.800543	3.6986098
tnf_post_pie_b2_1_54_CCATAGCCATTGTGAT-1	7.8938675	4.968319
tnf_post_pie_b1_1_50_TACCTTTAGTTTAACG-1	10.506444	6.9378896
tnf_post_pie_b2_2_55_GTGCAAGCATTCAGCA-1	8.562773	7.3371396
fast_pie_b3_44_CATCAATCAGTACCGT-1	1.830466	0.34773913
ibd_pbmc_post_TACTGACAGCGGATAA-1	0.6693377	1.2096431
fast_pie_b1_41_TTACCGTGTAGTCAAT-1	6.728855	4.7690935
lgtd17_GTCTCACTCCCTGATC-1	-0.88810146	3.9631038
lgtd18_CGCACAATCCAGGTCA-1	1.0209818	8.784752
tnf_pre_pie_b2_52_GCTGGTTCAGTCTAGC-1	1.4269977	3.0217535
HDad_CCTGGATCAATTAGGA-1	0.9218562	3.939393
HDa_AGGTTTGGTAACGGGA-1	-1.5291833	2.488355
lgtd18_ATGCATTCATTGCGTA-1	2.0745583	9.103349
HDv_ATTCATGAGATAAAGC-1	0.63401526	2.0458992
fast_pie_b2_42_GGCTTAAGTTCCGGGA-1	-1.8395269	1.5472836
lgtd18_GGTATTTCAATTTAGC-1	1.4657234	9.086653
fast_pie_b2_43_GCGTTTCTCAACCAAC-1	3.6285717	-0.3474799
fast_pie_b3_45_GCAAGTCGTGTGAGGA-1	1.1923919	1.9634821
HDa_ACCAGGGAGGCCTGGT-1	-0.8641583	1.9564319
fast_pie_b2_42_AGCCGGTTCCCATAGG-1	2.834071	0.16769578
tnf_post_pie_b2_1_54_CATCATGCATAGACCC-1	0.8602961	-1.3138233
fast_pie_b3_45_CTCATGACATCCTAGA-1	-0.93418944	0.102683015
fast_pie_b1_40_CCTAAGCCACGCAACT-1	0.5042929	-1.0642902
tnf_pre_pie_b2_52_AGTGGACAGTTGTCCC-1	8.77007	8.773706
lgtd17_GTGCAAGCAGATTCAT-1	6.5561366	8.780387
fast_pie_b3_44_GTTAATGTCTAGCTTT-1	3.1363819	6.83269
tnf_post_pie_b2_1_54_AATACCGGTTGAGGTC-1	-3.053402	2.2780504
ibd_pbmc_pre_CCGCCAACAGCTACGT-1	2.227406	0.35836232
ibd_pbmc_post_CTGGCTTTCGGTAACT-1	0.48553553	-0.12109677
tnf_post_pie_b2_1_54_AGGGCTACAAGCTAAA-1	-1.0236337	1.8942417
tnf_post_pie_b2_1_54_ATGTTGTCATTCCTCG-1	4.7807136	5.192867
lgtd18_ACTTATCTCTACCTGC-1	5.1085715	8.426236
fast_pie_b2_43_ATAATGGCAGCCAGAA-1	-1.6525962	1.3726751
lgtd17_CTAGCGGGTAGACAAA-1	1.8707576	5.317354
tnf_post_pie_b2_2_55_ACTATGTCAAGCTTAT-1	-2.4326434	1.3669593
lgtd17_GCAGGTGAGCCTGTGA-1	0.4996258	6.2196403
ibd_pbmc_post_GCCTACTTCTGGCTTC-1	10.865636	6.5186944
HDad_AAGGTGCAGGTTTGAC-1	-0.17659537	4.202581
ibd_pbmc_post_CAAGAACCATAAACCT-1	10.550122	6.3569684
fast_pie_b1_40_GCTATCCTCCTCCTAA-1	1.3884789	-0.12140574
fast_pie_b3_44_AAACCGAAGGCGGGTA-1	10.111266	3.88409
tnf_post_pie_b2_1_54_GAGTTACTCATCCACC-1	8.526814	-0.37639207
tnf_post_pie_b2_1_54_GACCTGATCGCTAAAC-1	9.3334465	2.158162
ibd_pbmc_pre_AAACATGCAATTAGGA-1	10.605579	5.6193724
lgtd17_CCGGTTAAGGTGCGGA-1	0.071685046	5.54715
ibd_pbmc_post_GTGCTTACAATTATGC-1	0.45192292	-1.8366988
lgtd18_CACATACAGGAGTAAT-1	1.7105144	8.306606
fast_pie_b1_40_CATCAATCATTAGCGC-1	10.390509	7.515384
ibd_ilc_post_CTGTGTGAGTTAGTGC-1	10.577042	5.098177
fast_pie_b2_42_GTTAAACGTAAGTCGC-1	3.8846927	2.0320938
lgtd17_ATGGTCTAGGCTACAT-1	1.735278	4.4052854
lgtd17_ACAACATGTCACCAAA-1	1.323217	4.075869
tnf_pre_pie_b2_52_GTAAGCGCATTGTGAT-1	9.741157	4.154329
HDa_GGTATTGGTGGGTACT-1	-2.0517986	2.378654
fast_pie_b3_44_GGAGCGATCGCTATAA-1	4.084552	3.8023963
tnf_pre_pie_b2_52_GATGCTTAGTTGGCCA-1	8.623435	6.1015162
fast_pie_b1_40_CACTTTGTCGCTAAAC-1	-1.1000334	0.055610586
ibd_pbmc_post_CCATAAGGTCATCCTG-1	10.176863	8.498366
tnf_post_pie_b2_1_54_ATTATCCTCGCTAAGT-1	1.1544356	-0.09948674
fast_pie_b1_40_GGCGATACAGGTTCAC-1	-1.6254141	0.49672717
lgtd18_CTTTGAGCAGAGAGCC-1	1.5817021	7.6494827
fast_pie_b3_45_GATCCGTCACCTCAGG-1	-0.13759184	0.9687489
lgtd17_GTACTAATCACACAGT-1	2.8760226	3.8199914
ibd_pbmc_pre_ACGCCTAAGGCGGATG-1	2.1274915	3.3317728
lgtd17_TGCGATTAGTTAACCA-1	0.8898516	5.0128803
lgtd17_CGGTTTGAGCGCCTAA-1	1.1081969	6.2199917
fast_pie_b2_42_AGGTCAAAGCGGATTT-1	0.7582699	1.1553379
lgtd18_CCAACATAGCGTGCGT-1	1.0621811	7.7662926
tnf_pre_pie_b2_52_ATGGCTTAGTTGTCCC-1	6.0621824	4.4541507
tnf_post_pie_b2_1_54_AGGGCCTTCCAAACAC-1	4.9152656	1.2924935
HDa_CATCATGCAGCAAGGC-1	11.248419	8.530565
fast_pie_b2_42_GGACGGATCGGTTAGT-1	7.573235	7.6733747
lgtd17_ACCCAACCAATAACCT-1	1.7965147	3.880055
lgtd17_TGGCCATCACAGCCAT-1	0.22135158	2.9895244
fast_pie_b3_45_CCAACCAAGAAGGTGC-1	8.883459	7.7548594
tnf_pre_pie_b2_52_CGAAGGCCATAATCAC-1	2.9139793	2.3838882
fast_pie_b3_44_GTAAGCGCACGAATTT-1	-0.5397592	3.721579
tnf_post_pie_b2_2_55_TTGTTGTTCTGTAAGC-1	5.2245927	2.3362467
fast_pie_b2_42_GCTCTGTTCCTCAGCT-1	10.133442	7.9305453
fast_pie_b2_42_ATCACAATCGGCTATG-1	3.1146724	-0.8102199
ibd_pbmc_pre_AAGCTAGAGCTCAAAC-1	10.216722	6.9876547
tnf_post_pie_b2_1_54_CGCCTCATCTCAATGA-1	1.2206365	-0.6172349
ibd_pbmc_post_TACTCAAAGTTATCCT-1	0.7596015	0.49069104
fast_pie_b2_42_ATGTAACGTGTCCAGG-1	1.4752146	1.7970303
lgtd17_GAAGCCTGTAGCCTCC-1	1.7873232	4.4002147
tnf_post_pie_b2_1_54_GGTACTAGTTATAGCG-1	-3.4818962	1.2661955
fast_pie_b2_43_TTGGCTTGTGTTGTGA-1	1.768859	1.327189
tnf_post_pie_b2_2_55_TCGTAATCATTCAGCA-1	-2.9535918	0.98427033
HDad_CCTGCTCCAATATGGA-1	6.6555724	5.2546144
ibd_pbmc_pre_CGTCCTAGTCCGTGAG-1	7.8083034	-0.36202368
tnf_pre_pie_b2_52_TACGGATTCTCAATGA-1	-1.4441708	3.1788142
fast_pie_b3_44_ACGGTACGTTTGTGGA-1	1.6909804	2.0379093
fast_pie_b1_40_CTCTATGTCAGGCTAT-1	9.002009	5.883674
lgtd18_GGCCAACTCAGGTTTA-1	1.6018033	8.327532
fast_pie_b2_43_TAATGCATCCGGGACT-1	-0.5785109	0.9301082
lgtd17_CGATATTCACTTACAG-1	7.797373	8.407702
fast_pie_b3_44_TGATTGCAGCAGGCCT-1	-1.1659113	0.43459558
fast_pie_b2_42_GCTAGTGTCCTTGCGT-1	6.2503076	8.606963
fast_pie_b3_44_AGAATCTGTACAATGT-1	3.6223495	3.349496
tnf_post_pie_b2_2_55_CTTCAGGAGGACCTTG-1	7.309861	4.0907907
fast_pie_b2_43_GATGCAGCAACCGCCA-1	0.26840442	0.9315913
fast_pie_b3_45_AGTAAGTAGCAGGTGG-1	2.8640301	-0.121261135
tnf_pre_pie_b2_52_CCAGGATGTTTCCTCC-1	-2.6383688	2.0506182
tnf_post_pie_b2_2_55_TGTGCGGGTCACAGCG-1	4.515162	7.0216365
tnf_post_pie_b2_1_54_AGGATTGAGGCGAATA-1	6.8446045	4.3431807
fast_pie_b3_44_ATCCAACAGTTGGGCC-1	-4.116309	0.6894659
fast_pie_b3_44_ATCCTCATCAGGATGA-1	9.153558	7.8819923
HDa_ACGCCACAGGGATGAC-1	-2.3424208	2.4300656
fast_pie_b3_44_CCTGGTAAGTTATGTG-1	-2.6058977	0.77791506
fast_pie_b1_40_TGATGACTCGTTCACC-1	-0.15187864	-0.50555474
tnf_pre_pie_b2_52_AGGAAACGTGCTGTAA-1	-1.7924312	4.068898
fast_pie_b3_44_ACCTTGCTCTGTAAGC-1	3.596574	2.3647523
lgtd18_CTGTATTTCCTGGTCT-1	1.9808195	9.053482
tnf_post_pie_b2_2_55_ATGTTCAAGTTCCCGT-1	1.5084367	2.4203951
tnf_pre_pie_b2_52_CCAAGGCTCCTCATCA-1	9.639051	6.9757032
lgtd17_CTTACCTCACTAAATC-1	7.7956696	1.2656003
lgtd17_AAAGCGGGTACAAAGA-1	6.084244	8.39502
fast_pie_b1_40_AGGCAATCATCCATCT-1	0.3527924	-0.64834136
fast_pie_b3_44_GCGAGTGAGTCAATCA-1	7.563739	7.206927
lgtd17_TGGGCATGTAACGAGG-1	0.9485573	5.306955
HDa_ATAGCATGTCCAAATG-1	4.107375	0.77913356
tnf_pre_pie_b2_52_ATCATGTCAAGCTAAA-1	9.342202	8.820463
tnf_pre_pie_b2_52_GCGAAGCCAAGCTACC-1	8.405916	8.187176
tnf_post_pie_b1_2_50_GCCAATAGTTTGGGCG-1	7.686581	6.6763725
fast_pie_b1_40_ATTATCCTCATAGACC-1	-3.5084753	0.2143449
fast_pie_b3_44_GATCAAGAGCTGGCTA-1	9.679077	6.9141326
tnf_post_pie_b2_1_54_TCTTGTCCAGCTTAGC-1	4.8057866	5.9210415
fast_pie_b3_44_CTTGTCCAGCGAGTAA-1	-3.0643559	1.6177659
tnf_post_pie_b2_1_54_ACAGGTAAGGTGCTGC-1	6.8162127	3.8953547
ibd_pbmc_pre_CCCAAACCACCTGTAA-1	2.8730345	0.44873548
ibd_pbmc_post_GCCTACTTCAACCAAC-1	-2.4532716	-0.13548532
HDa_CCCGTAAAGCCTTAAA-1	0.49103838	2.5994174
tnf_post_pie_b2_2_55_ACGTCAAGTTTGGGTA-1	4.4559727	7.3176
fast_pie_b2_42_CTTATGTTCATTACGA-1	-0.97747636	0.6469939
fast_pie_b2_42_CCCAATTGTCCCGGAA-1	2.4671023	-1.4563059
tnf_pre_pie_b2_52_CAGCTATAGTTATGGC-1	7.754376	6.709887
tnf_pre_pie_b2_52_GAAACTGAGAGGCTAA-1	7.534632	6.852773
lgtd17_GCTGTAAGTATGGTGC-1	0.34016296	2.5418365
fast_pie_b2_43_CCAAACCCATAGCAGG-1	-5.389883	0.8475142
tnf_post_pie_b2_2_55_CACGCAATCTTGAGCG-1	-0.42622828	-0.7862445
fast_pie_b2_42_TGACTTCGTTAACACG-1	4.2419734	0.6887815
fast_pie_b3_45_AAGTCTATCTAAGGAG-1	1.2411339	1.7163442
lgtd18_TATCGCGAGCACAGCC-1	0.9542133	8.139808
tnf_post_pie_b2_1_54_GCTTTCATCTTTGAGA-1	-0.73028696	-1.086866
lgtd17_AGAAAGGCACAATGTT-1	-0.5574321	5.111191
HDv_TGTTACTTCGGTTACG-1	-0.026311826	2.196507
lgtd18_GTCCTCCCACCGGCTA-1	1.4288343	9.246356
fast_pie_b3_45_GGCTATTAGTTATCCT-1	10.36334	7.5635266
fast_pie_b2_42_ACATAGCTCTTTGACT-1	8.664933	5.4133096
ibd_pbmc_post_GTTAAACGTTATGTGG-1	9.639048	7.556579
fast_pie_b3_44_AGGGTTGCAAACTCAT-1	4.0626564	1.9874339
fast_pie_b2_43_ACCACATAGCCGCTAA-1	-1.6204278	1.704949
tnf_post_pie_b2_1_54_CCCAGTTTCCGCCTCA-1	-2.9950316	-0.2952373
fast_pie_b3_44_TGCTCAACATACTCCT-1	-0.869936	-0.71262324
fast_pie_b3_44_TCTCAAGCATAATCAC-1	10.81036	7.3370676
HDu_AGTCCTGAGCTACTGG-1	2.8628898	7.3626695
tnf_post_pie_b1_1_50_CCCGCTTCAGCACGAA-1	8.078521	6.3213983
tnf_post_pie_b2_1_54_AGCTCATAGGTTTACA-1	6.877564	4.4182563
tnf_post_pie_b2_2_55_TTGCTTAGTTAGGATT-1	5.318226	6.9445124
tnf_pre_pie_b2_52_GGTGCTTCAGTTAAAG-1	3.7822843	5.810448
tnf_post_pie_b2_1_54_ACCTTGTGTTACGCAA-1	-3.1357203	0.10077861
tnf_post_pie_b1_2_50_GGTCATTAGCGAAGTA-1	1.8126241	0.90166396
fast_pie_b2_42_AAGGATTAGGTGAGAC-1	1.2458873	2.0404255
fast_pie_b2_42_CAAAGCGCAATTAACC-1	5.49421	0.34630677
fast_pie_b2_43_GTAGGTGCATTAGCGC-1	-2.1845887	0.9895219
tnf_post_pie_b2_1_54_AATGTCCAGCCTGACA-1	-2.4429953	0.7944654
tnf_post_pie_b1_1_50_CAATGCCCACAAACTT-1	7.4323573	3.3197207
fast_pie_b3_44_GTTTACCGTTGCAATG-1	9.210597	7.731352
fast_pie_b2_43_CCGTTTGGTTGGGTTA-1	5.732121	1.9280009
fast_pie_b2_42_GCTGCAATCTCGACCT-1	1.2154987	3.3752534
lgtd18_CGTTATTTCTCAATTC-1	1.7071888	8.994545
ibd_pbmc_post_ACCCGCTGTTAGCTGA-1	-5.0518026	0.9072695
tnf_post_pie_b2_1_54_GTTACGTAGATGCCTG-1	5.134614	6.315704
tnf_post_pie_b2_2_55_ATGAGCCGTAATAACC-1	-1.1103272	4.491214
fast_pie_b1_40_AATTGGGAGTTACCGG-1	8.964757	8.266723
tnf_pre_pie_b2_52_TCAGCAAGTTTGACCT-1	1.2551513	2.724735
lgtd17_AACAGATAGCCGCAGT-1	1.2126621	4.555684
tnf_post_pie_b2_1_54_CCGCAAATCAGTATTG-1	-1.5448526	-1.1820277
fast_pie_b1_40_AGGCCCAGTCATCCTG-1	0.8491552	-1.9496278
lgtd17_TCAAGTATCTCCTCAA-1	7.747499	8.350821
HDa_CATGCGCAGCGTGCGT-1	10.504815	9.26021
fast_pie_b3_45_TGTTTGTTCATAAGCC-1	5.6325727	1.7002207
fast_pie_b1_40_CCTTCGGTCTTGTCTG-1	9.703825	5.8683953
HDa_CCATTGTGTCCTTCAG-1	4.1517177	0.9459328
tnf_pre_pie_b2_52_CACATAATCCCGTTGT-1	0.6134911	1.3183465
ibd_pbmc_post_GGATACTTCGCTTGCT-1	0.106064685	-1.2705785
lgtd17_AGTGCGGAGTAACGAG-1	0.7081468	5.6593604
fast_pie_b1_40_CCCGTTGTCCTGTTCA-1	0.42993453	0.61944807
HDj_CGCAATAGTTGCAATG-1	-3.8093204	2.668046
fast_pie_b3_44_TCAGTAGGTCAATGTG-1	5.588329	2.303002
lgtd18_AGTGTTTCACTGGCCA-1	2.9455602	8.395428
HDa_CAGGTTTAGTAGGCGG-1	-6.0650406	1.071723
lgtd18_AGTTATGTCTAAGTGC-1	2.4797027	8.515584
tnf_pre_pie_b2_52_ACTTGAATCATAACTG-1	-2.3075597	2.403092
fast_pie_b3_44_GTTCTCATCAAACTCA-1	10.039462	6.9259906
lgtd18_TGGTCAGTCCTCAGTC-1	0.985216	8.9683895
fast_pie_b2_42_GCTCTGGCATTAGGCC-1	4.938992	4.1950903
fast_pie_b2_43_GTGCCTTTCGCTTGCT-1	5.329463	1.0828719
HDad_GGGCCTAGTCACAGCG-1	7.3549895	7.7417974
lgtd17_CCGATGCAGGAAGCTA-1	6.6162724	8.700863
lgtd17_CGGTTTGAGTGGCGGA-1	1.1544689	6.7787876
tnf_post_pie_b1_2_50_GATTGCAGTTAGGATT-1	4.796835	6.4115033
tnf_post_pie_b2_2_55_GATTAGCTCTATTGTC-1	4.321715	6.0248327
tnf_pre_pie_b2_52_CCATATTTCTCTAGCC-1	2.0726378	2.1400998
tnf_pre_pie_b2_52_ATTTGCAAGCAAGGTA-1	-3.754018	3.532243
tnf_post_pie_b2_2_55_CTACCGGCACCGTTCC-1	6.72877	3.1760244
tnf_post_pie_b1_2_50_TGACCTTGTAGCCTCC-1	0.121839166	1.2883348
tnf_post_pie_b2_2_55_CTCGACAAGCCGGTAC-1	0.1793612	0.5501485
fast_pie_b3_45_AGTGTGGCAATAATGG-1	9.6137705	7.2278376
tnf_post_pie_b1_1_50_ACTATCCGTTTGTGGA-1	11.345133	7.090734
ibd_pbmc_post_ACAGCCGGTTACGCAA-1	8.34623	8.701765
fast_pie_b3_44_GCTCACAAGCGCTAAT-1	-0.363688	-1.1660315
HDa_TCGGTAAGTTGTCCAT-1	-2.5094984	2.5221996
tnf_post_pie_b2_2_55_TGACCTTGTAGCTGGT-1	4.258715	5.106255
lgtd17_GCAGGTTGTTGCGGAT-1	1.7611283	6.2496905
lgtd17_GAAGCCTGTGCTTACT-1	-0.14121573	5.287977
fast_pie_b1_41_GAAGGCCCAAATTGCT-1	0.10642896	2.2860963
tnf_pre_pie_b2_52_CTCTTGATCTTAGCCC-1	5.068652	6.7047553
fast_pie_b1_41_GACTTAGGTAATCGTG-1	2.2597318	-1.4334795
fast_pie_b3_44_GTACGTAGTGCAACTA-1	0.27199638	1.9275137
ibd_pbmc_post_GGCTCAATCCTCGATC-1	10.82314	7.189068
lgtd18_ATCCAACAGTTGGGCC-1	0.89660054	9.422866
fast_pie_b3_44_GAACGAATCAGCAAGA-1	7.150046	4.1615086
lgtd18_CATTGTAAGCTCCTTA-1	1.5668842	7.5292687
HDad_TCGTTAGCAGGATGGC-1	-0.6859998	4.7191167
fast_pie_b3_45_GGGAGTAGTGATCATG-1	0.29037458	-1.8633617
fast_pie_b2_42_CATGCATAGATTGAGG-1	1.5867952	-0.13780119
tnf_post_pie_b1_1_50_GCACTAAGTAATCGGC-1	6.2519636	9.113026
lgtd18_GCTTAACAGGAGCACG-1	0.7067274	8.985999
HDv_CCTCCTGAGTAAGTCC-1	10.791217	8.4557905
tnf_post_pie_b1_2_50_AATGGCGCATCCATCT-1	0.41181433	-0.4396691
lgtd18_TGTCCTGGTCTCACTG-1	2.2447064	8.911094
lgtd18_CGTCAATAGCTATGAC-1	3.5186346	7.6500854
lgtd18_CAGCCTAAGCATGAAG-1	1.8394487	9.368023
fast_pie_b2_42_GCACTTACAATATACC-1	1.0791061	0.43038258
fast_pie_b1_41_ATGTAACGTAGTCAAT-1	-0.7623797	0.17995597
lgtd17_TGAGCCGGTAACCAGC-1	1.6143428	6.3515987
lgtd17_ATGAAGCCATTGTGAT-1	8.118266	1.2160392
fast_pie_b2_42_AGGGTTGCATACTCCT-1	0.79291254	1.81515
fast_pie_b2_42_AACAAAGGTCAAGTGC-1	-0.8352463	0.32322273
tnf_post_pie_b1_1_50_TATGAAGCAACCCTAA-1	0.44577757	0.96142024
fast_pie_b3_44_GGAACCTGTATCTGGA-1	5.6957498	0.8351393
tnf_post_pie_b2_1_54_ATGACCAGTGGTTATG-1	0.4093688	1.3508539
fast_pie_b3_44_CACAGGCTCCACAATA-1	0.33709228	0.35461393
fast_pie_b3_44_CTCATCATCGTTCACC-1	0.25639182	-0.96203995
lgtd17_CTTGCGCGTTACGCAA-1	0.7267163	5.3343716
tnf_post_pie_b2_2_55_TCGTGCTTCGTTAACA-1	0.022554753	1.5126102
lgtd17_ATGAAGTAGACAGGTA-1	0.786606	5.8816524
fast_pie_b3_44_AGCCAGTGTCAAGACC-1	8.891286	1.486974
ibd_pbmc_pre_CGAAGCGAGACTAAGG-1	0.937597	0.9103931
fast_pie_b1_40_GTATCGCCATGCTCCC-1	-0.07691736	0.022733338
fast_pie_b1_40_CATCATGCAACTGGCT-1	1.2733728	0.72910666
fast_pie_b3_44_AGACACGCATTAGGCC-1	8.56286	0.2436366
fast_pie_b3_44_CCTGGATCACAGGATG-1	7.803026	4.1202445
fast_pie_b1_40_TGTATCCGTGGCTTCC-1	0.27214843	1.412183
fast_pie_b3_44_GGTATTTCATTATGAC-1	1.0936936	-0.48104766
lgtd18_GGCGCTAGTCTCAGCC-1	1.7365886	9.330503
lgtd17_CAGGGCTTCCAGGTCA-1	1.7698586	4.257179
HDa_ACAGGCTGTTTGGCTT-1	-1.4733813	2.4834883
fast_pie_b2_43_TAATCACCATGTGGGA-1	8.340397	0.013859501
lgtd17_GATTATGTCTTGCAGG-1	0.28317595	4.648243
tnf_post_pie_b1_2_50_TAATGGTGTGATGGCT-1	5.0434165	2.5323865
lgtd18_CAGGTTTAGGTCTTGG-1	1.5027875	8.659924
ibd_pbmc_post_CTGACCAAGCGAGTAA-1	1.9354737	1.2334526
fast_pie_b2_43_CAACTAATCAATTACG-1	9.927066	3.4036534
tnf_pre_pie_b2_52_TTGGTGAGTGAGACTC-1	3.2654157	2.2862678
fast_pie_b3_44_TAGGAACCAAGGTATA-1	4.1784463	7.6605945
fast_pie_b2_42_TCCTGGTTCATCCACC-1	-2.5380065	3.251971
tnf_post_pie_b2_1_54_AATATCCCAACTCGCG-1	-0.85292935	-0.53531295
fast_pie_b2_43_GTCTAACAGCGGTTAT-1	6.1003933	1.8675617
fast_pie_b3_44_GCTCTGTTCCTAGTCC-1	10.415143	6.798134
fast_pie_b2_43_CGGGCTTAGGACCTGC-1	10.182614	6.6228843
HDv_GGCTGGTTCTTTGACT-1	-0.17723589	3.6954546
fast_pie_b1_41_ATCCTGACACTAAATC-1	1.944439	0.4921222
tnf_pre_pbmc_b2_53_TGCAGGCTCCCGCCTA-1	5.4955006	5.551414
fast_pie_b3_44_TTCTTAGGTATTGTGG-1	0.7606382	4.900135
tnf_post_pie_b2_1_54_GCCTTACTCACGCGGT-1	7.435996	-0.39161092
fast_pie_b2_42_AGTTACATCACTAAGC-1	6.2168508	0.73412436
lgtd17_GAAAGGCTCTCACAAA-1	6.93693	8.110588
HDv_GTTCTTAGTTAAGCTG-1	0.32331088	2.9666502
tnf_post_pie_b1_2_50_GGACGAAGTCCGTAGG-1	8.028853	6.742573
fast_pie_b2_42_CTGAATATCCATTACT-1	-1.1178666	-1.2448052
ibd_pbmc_pre_TGGAACAAGTGCACGC-1	1.4780068	-0.90379024
HDad_AATGCAACAAGCCACT-1	-1.5172186	3.4625487
ibd_pbmc_pre_CTAGTTGCAGGCCAAA-1	3.1648905	0.78437865
fast_pie_b3_44_TTGTCAAAGTTTCCTG-1	-2.4942148	-0.5707378
fast_pie_b1_40_GGAAACTCACGAACAG-1	10.37629	6.0190244
tnf_post_pie_b2_2_55_GGTCTTTGTGCTAGCG-1	4.5244946	5.9668555
HDad_CGTAACTAGCAAACCT-1	-0.7184405	3.7981942
fast_pie_b1_40_AAGACCAAGGTGAAAT-1	8.550887	8.789699
lgtd17_TCCTCTAAGGCGGGTA-1	0.87927705	6.199135
HDa_TTACCGTGTGCTCCGT-1	11.117819	8.952455
tnf_post_pie_b1_2_50_CTTGAATCAGGAACTG-1	2.2061868	2.9011168
ibd_pbmc_post_CGTGTTACAATTTGGT-1	7.713502	7.6607804
fast_pie_b3_44_TCTTGACGTTAGCGTA-1	1.6352581	-0.34012985
fast_pie_b2_42_TCGCCCATCAACAAGG-1	-1.9956008	0.9303327
fast_pie_b1_41_CCACACAAGTAACCCG-1	0.20479687	-1.1435504
fast_pie_b2_43_CCGTTTGGTTAAGCCA-1	-0.59574157	-0.9038763
fast_pie_b2_42_AGAACCGCAGGGAGGA-1	0.7547751	1.5392635
tnf_post_pie_b1_2_50_GAACACAAGTGAACAG-1	8.69614	8.138058
fast_pie_b1_40_ATATGCTCATTATGGT-1	1.875037	1.7673882
fast_pie_b3_44_ATGAAGCCATTCCTGT-1	-2.8090503	1.886574
fast_pie_b3_44_TTTAAGGTCCTTGAGG-1	-0.22056106	3.0275288
fast_pie_b2_43_CTCCATCAGTCACGAT-1	0.31962875	-1.303816
fast_pie_b3_45_GACCTGCAGGGATGCG-1	0.04355612	-1.9493663
fast_pie_b3_44_AGAGGATGTTAGTACG-1	4.1033573	2.6199942
tnf_pre_pie_b2_52_TGAGCCGGTAAGGTCC-1	7.678552	6.609757
ibd_pbmc_post_CTCGCTAGTTACCGGG-1	-3.9526613	2.4967842
fast_pie_b3_44_CACCTCAGTTGTGACA-1	4.1440253	2.5771277
tnf_post_pie_b2_2_55_TTGGGCCAGGGACCTC-1	8.220486	0.7913459
tnf_post_pie_b1_1_50_AGCATTTCATCCTAGA-1	11.0584755	6.579812
HDa_TTGGCGGGTAAGGTCC-1	-0.8581429	3.610142
fast_pie_b1_41_GATTGGTTCCCGAACA-1	-0.32817858	-0.1568168
lgtd17_ACGCAAGCAGTTAAAG-1	7.136677	8.265708
fast_pie_b2_42_TGCACACCATCCATCT-1	3.1198587	-1.1471742
tnf_post_pie_b2_1_54_CAAGTATGTGTTTCAC-1	-2.767389	2.3889616
tnf_post_pie_b1_2_50_ACCACATAGTAAGTCC-1	8.365718	6.4658375
HDu_GTTGCTGAGCGCTAAT-1	3.2858043	7.3888803
fast_pie_b1_41_GCAAGTCGTTGGTTCT-1	8.386929	7.5493574
fast_pie_b2_42_TCTAACCGTCAAACTG-1	7.174632	3.6167898
tnf_pre_pie_b2_52_AAGTTAGCACACAATT-1	5.642866	1.9416293
tnf_post_pie_b2_1_54_GCTAGCCAGTAACCAC-1	9.736983	1.4528264
ibd_pbmc_pre_CCTTGTTCATGGCCCA-1	4.4573364	2.0003362
fast_pie_b1_40_GACCTGATCTTAGGGT-1	8.473689	0.6216879
lgtd18_AAGTAGCCAAGTTATC-1	1.9077588	7.9645743
fast_pie_b1_40_GTGATCAGTAACGAGG-1	-2.4624991	3.0023453
lgtd17_ATATGTCCAGGACCAA-1	-0.8897624	4.624997
tnf_pre_pie_b2_52_CAGGAAGGTTTCGCGC-1	7.605762	6.898267
lgtd17_TTAACTGAGGTGTCCA-1	-0.89714587	5.09335
fast_pie_b3_44_TGTTGCACATAAGGAC-1	9.238137	2.2481465
fast_pie_b2_42_AGGATTGAGGAGTCGG-1	5.282075	3.5383925
fast_pie_b2_42_GGCTCAATCGATCAGT-1	4.2711678	1.7433553
fast_pie_b1_40_CGCATGATCTCACACC-1	9.035905	7.619883
ibd_pbmc_pre_TCACGGATCCCTGTTA-1	-4.9926896	1.0554982
lgtd18_CTCATTTAGTTATTCC-1	1.1947966	9.434458
lgtd18_TGGCCATCACCCACCT-1	1.3560917	7.9520946
fast_pie_b3_44_TATGGTCAGGACTAAG-1	1.4987044	0.9826774
lgtd18_GTACGTAGTTGGATCA-1	4.698862	8.79502
lgtd17_ACCAGCTCACTCGCTC-1	0.7635473	3.9631097
fast_pie_b1_40_ATTATCCTCAACCAAC-1	0.9702657	-2.323958
ibd_pbmc_post_TTTAAGGTCCAGCACA-1	0.010668953	0.09157268
HDad_GAGCCACTCCTTAGGG-1	-3.43096	3.5270488
lgtd17_CGCGATTCAGGTTACC-1	7.108725	8.540092
tnf_post_pie_b2_2_55_TCCGGAATCCATTACT-1	1.6048536	1.0436307
fast_pie_b1_41_CTGTTTAGTAACGGGA-1	0.9973772	0.77330184
HDa_CACGCTAAGCGCTAAT-1	-1.164949	3.3463917
lgtd18_CTAATGTCACAATTAC-1	1.3884393	8.8694515
tnf_post_pie_b2_2_55_CGCTCCATCTCATCAT-1	4.2865176	5.7650285
fast_pie_b2_42_CTTGCATGTCTTTATG-1	9.409264	7.0944867
fast_pie_b1_40_ACGACTTAGTCCTGAG-1	-1.695396	0.4772272
tnf_pre_pie_b2_52_CTCCTCACATCTAGCA-1	-1.7917265	-1.1259338
fast_pie_b1_40_ATCATCAAGGACAACA-1	10.653336	7.6888256
fast_pie_b3_44_TGTATCCGTGTCCAGG-1	10.3249235	8.004399
fast_pie_b1_41_CGACTAAGTGTTGTGA-1	2.5425	0.79397905
fast_pie_b1_41_AGCACTAGTTTCAGGA-1	2.9387307	-0.10623627
fast_pie_b2_42_AGGCCCAGTGGGAACA-1	6.8117976	7.0406756
lgtd17_TGCTCACTCTTGCAGG-1	1.7456024	4.444367
lgtd18_GGAACGGTCCCTGGTT-1	2.1790724	8.268233
lgtd18_AACTTAGTCTAGCGTG-1	4.7188735	8.742047
tnf_post_pie_b2_1_54_GGTTATATCTAACTGA-1	9.855445	1.4493428
fast_pie_b2_42_GCAGCCAGTTATTGCC-1	-1.1881077	0.048070986
fast_pie_b3_45_TGCCTGTTCTGTAAGC-1	9.71081	5.57113
tnf_post_pie_b2_1_54_TAGTAAGCATAAGGAC-1	5.5888085	0.58284175
HDad_CTTAGTTTCTGTAAGC-1	-0.15073769	3.4009147
tnf_post_pie_b2_1_54_AATTGCTCAGCTCAAC-1	1.3279914	-1.0208418
fast_pie_b3_44_GTTCCTGGTTCAAGAT-1	-1.7374011	3.144761
lgtd17_ACCTGGATCGCTTCTA-1	0.9081403	4.8994627
HDa_TGTTGTGCACCTCAGG-1	-0.22775763	2.6295764
HDv_TCCTTAGTCACGTTAA-1	-0.8554633	0.80775523
tnf_post_pie_b2_1_54_ACCTAAATCTTGTTCG-1	9.281873	8.422185
lgtd17_ACCAGGCTCCTTAAGA-1	0.8216859	4.455866
tnf_post_pie_b2_2_55_GAGGCAAGTAGGTGTC-1	-5.5038147	0.66007245
fast_pie_b3_44_GGAGTCTGTTAGCAGC-1	1.6023339	6.6980495
fast_pie_b3_44_TACTCGCTCTTGCAAA-1	0.9044371	0.7791137
HDa_GTAGGTGCAAGGTGCA-1	4.518112	1.1280153
lgtd17_ATGTAACGTGGACCTG-1	1.7322296	5.330825
fast_pie_b2_42_TAGGCTAGTGAGCACT-1	5.500873	3.707551
HDad_GGTTCTTGTCACGGAT-1	0.98188996	3.9805112
fast_pie_b3_45_ATAAGTCGTTGTGATG-1	0.49265215	4.437154
ibd_pbmc_post_TTTGAGTCAATGCGCT-1	0.66880393	-1.1705142
lgtd17_GTTCTTAGTTAATCGG-1	6.4457464	8.224007
fast_pie_b2_43_GCCTCGACAACTCGCG-1	1.6107796	0.04391843
fast_pie_b1_40_TAGCCTCTCTCGCCCA-1	1.227047	0.14470413
fast_pie_b1_41_CTTTGGGAGGTGCTGC-1	-0.31261688	2.46212
fast_pie_b2_42_ACGGTACGTAGCTAGC-1	0.73455745	0.92920136
tnf_post_pie_b2_1_54_ACTTACTTCCGGAACC-1	10.996804	7.8892407
tnf_post_pie_b1_1_50_CTGGTTACAGTATGTT-1	1.8925934	1.8512675
tnf_post_pie_b2_1_54_CACATAATCACAGGAA-1	-1.3045309	-0.46626854
lgtd17_CGTACGGGTGTTAGCA-1	0.39585724	5.302923
lgtd17_TCTGGCTTCATAACTG-1	-1.4669178	0.8094384
lgtd18_TTGCAGCCAGTTTACG-1	4.8160496	8.554377
tnf_pre_pie_b2_52_ACTTACTTCTGTAAGC-1	-0.17487484	3.0847101
HDa_ATCCAACAGTGCTGTG-1	-1.054085	2.0258367
fast_pie_b2_42_TGACTTCGTAGGATCC-1	3.0026963	-0.4624112
tnf_post_pie_b2_1_54_ACCAGGGAGTAGCCAT-1	0.8898324	1.5933713
fast_pie_b1_40_TACTCAAAGGAAGCAC-1	8.615969	6.3897805
tnf_pre_pie_b2_52_TAAGCCAGTAGTTGGC-1	2.025344	1.7138323
ibd_ilc_pre_GCTGGATGTTCCGCAC-1	2.7586591	0.35617673
lgtd17_TACTGAGGTCCACAAA-1	0.2878826	4.7402134
fast_pie_b2_42_GCAATGAAGAGGCTAA-1	-1.0659024	1.9055765
tnf_post_pie_b2_1_54_ATCCTTAGTCAAAGGG-1	8.588448	0.9585124
fast_pie_b3_44_TGTGGCGGTCCAAATG-1	2.2120085	3.1052344
tnf_post_pie_b2_1_54_CGTGGTTCATTAGGTT-1	10.328299	3.83112
fast_pie_b1_40_ACGCACGGTCATGCCC-1	-3.446422	1.2348118
HDj_TTGTGAGGTTGGTTGA-1	-0.48957947	3.4879732
fast_pie_b3_45_TAACCGGTCTCACTAT-1	-1.5674121	-0.030548003
lgtd17_TTATCCGTCCTAAGAC-1	-2.443291	4.6105494
lgtd17_TCCACAACATTCCTGT-1	7.150473	8.121922
HDad_TCCGGTTTCCTAAGGT-1	0.18501695	4.355188
fast_pie_b1_40_CAAACTGGTTAGTACG-1	1.346704	-2.0470927
ibd_pbmc_pre_AGCACTTAGTCACTCC-1	3.0248566	0.62353814
lgtd17_TCCTTAGTCATCACTT-1	-0.21723558	4.444716
fast_pie_b2_42_TGAGCACGTTAAGTGT-1	0.49038008	1.5124861
tnf_post_pie_b2_1_54_AATCCTAAGGCGAAAC-1	4.790023	6.0321927
fast_pie_b2_43_GTTGCATAGTGTGATC-1	7.1168833	1.2388583
fast_pie_b1_41_CCAATATCATCAATCG-1	6.1510143	1.5584614
lgtd18_ACTTACTTCCAATTAG-1	1.5677402	9.124896
lgtd18_ATATGTCCACGTAAGG-1	1.9069387	7.6683197
ibd_pbmc_post_GAAGGCCCAGCAACAG-1	10.485204	7.614262
ibd_pbmc_pre_GGTACAAAGGCGAATA-1	5.369578	1.5530745
ibd_pbmc_post_GCGGATACACTTCATC-1	5.879555	1.7749382
tnf_pre_pie_b2_52_CATATCGCAAGCGATG-1	3.2186646	3.3437853
fast_pie_b2_42_AAATGGCCAGTTTCTC-1	-2.5765905	0.6863299
fast_pie_b1_40_CGCATGATCATAACGC-1	9.599331	5.13941
ibd_pbmc_post_CCTATATTCAAGCGCC-1	-1.5382594	-0.97903275
tnf_pre_pie_b2_52_GGGATAATCCTCAGTC-1	1.6183224	2.6373649
fast_pie_b1_41_TGTAAAGCATATAACC-1	0.2614613	0.12926432
HDu_AGGTCTTAGTAACGAG-1	4.811929	7.924558
fast_pie_b2_42_CTCCATCAGTTTGAGC-1	8.220378	8.2566
HDa_GTCATGAGTTGGCCGA-1	11.535061	7.8171124
tnf_post_pie_b2_1_54_TGCATGAGTGACATAT-1	4.7922945	7.157685
HDad_GGGAATATCATGCAAC-1	-1.3345884	4.274514
lgtd17_TTTGTCTAGGTAAGCA-1	1.5863655	5.1717043
fast_pie_b3_44_GGTCCGTAGGAACACA-1	10.246514	6.26299
tnf_post_pie_b1_1_50_GGTTGCGGTTCGCTCA-1	1.3905709	1.8435891
ibd_pbmc_pre_CTTAACAAGCGCATTG-1	2.5006914	0.372472
tnf_pre_pie_b2_52_ATTCACTTCCTCGATC-1	6.130252	6.866577
fast_pie_b2_42_CAGGGCTTCCTCACTA-1	1.781999	0.20612644
fast_pie_b1_40_TTAGGATGTTCGGTAA-1	4.364575	1.324936
lgtd17_CAGGAAGGTCGTAAAT-1	5.941837	8.305826
fast_pie_b2_42_GCGGTTGGTGATGGCT-1	1.3228862	1.8518435
lgtd18_TGTAAGTGTACTTAGG-1	2.3263822	8.420193
ibd_pbmc_pre_ACCACATAGCCTGTTC-1	10.754522	6.8663473
tnf_post_pie_b2_2_55_AACCTCCTCACAGACT-1	10.350603	6.438023
tnf_post_pie_b2_1_54_AATTCGTCAAGCTACC-1	-3.7065575	0.91187567
fast_pie_b2_42_AGACACGCAGGTATTT-1	8.4142	0.3463142
tnf_pre_pie_b2_52_GTCAATATCAAAGGCA-1	8.710414	8.628747
tnf_post_pie_b2_1_54_GATGACTTCCGTTATT-1	0.9526617	0.08403943
HDad_TATCCAGCAATATACC-1	1.6882529	4.019003
tnf_pre_pie_b2_52_CCTTCAATCATGCTCC-1	9.950942	8.390051
HDad_GAGGCAAGTATGGTGC-1	1.4860694	3.1978614
lgtd18_AGCTATATCGTTACAA-1	0.9044741	7.7471366
lgtd17_TATCGAGGTTAGGCGT-1	0.9655336	5.723129
fast_pie_b1_40_TAAACAGCAATGAATG-1	5.201572	1.6811174
HDad_GTTCTCATCCTGATGG-1	-0.41969132	4.1285295
tnf_pre_pie_b2_52_GCAAACCGTAATCCCT-1	3.6055477	4.9066987
lgtd18_TATTAGGTCTTTGACT-1	1.4716768	8.183076
tnf_post_pie_b2_1_54_ATTGACTCAGGTTCAC-1	10.191948	8.129293
tnf_post_pie_b1_2_50_CTTGAATCATCATGTG-1	1.7497551	1.0934006
fast_pie_b1_41_CTGACCAAGAGGGACT-1	-3.8494463	2.516474
fast_pie_b3_44_TACCGAAGTAGCTAAT-1	6.208407	7.4993773
fast_pie_b1_40_TCGTTACGTCCTTAGT-1	7.83283	3.8476677
tnf_pre_pie_b2_52_TAGTAGGAGGACGTAA-1	6.7577686	3.3224812
lgtd18_CAGGCTGGTATTCGCT-1	0.5676574	9.277608
tnf_post_pie_b2_1_54_TAATGCATCCTAAGTA-1	4.569	6.0256305
tnf_post_pie_b2_1_54_AAGCCACGTATTGTGG-1	2.244383	-1.0449446
lgtd18_AGAGATTAGTTATGTG-1	1.9962451	9.06512
fast_pie_b1_40_TACTGGCCATCATGGC-1	-3.7440515	2.5349407
tnf_post_pie_b1_1_50_TCAGGTCCAAACCTTG-1	0.14545038	1.6147228
fast_pie_b2_43_AATGTCATCATGCGTG-1	-0.07141744	2.0645728
ibd_pbmc_post_CGCACAATCGTTATCT-1	9.841815	1.2440451
lgtd18_GGCAATCGTAATCGTG-1	1.4485357	7.821618
fast_pie_b1_40_TTAGGATGTGTGAGAG-1	0.8671501	-0.19919758
lgtd18_ATGGTTATCGTGCCTT-1	1.967766	8.631075
lgtd18_TGAACAACAACACTTG-1	0.18168521	8.873126
fast_pie_b3_44_GCCCATAAGGAGCATA-1	-0.6116941	1.2033637
lgtd17_TCGTTACGTTGTTGCT-1	-0.012743858	5.0310073
fast_pie_b2_42_TTGCATTTCCTAGTTT-1	4.0968785	6.6784763
ibd_pbmc_pre_TTGTTGCGTGACATGC-1	1.7499329	0.47859293
lgtd17_GATCAGGCACCGTTCC-1	-1.7911719	4.5670977
lgtd17_ACGAGTAAGGTGAGAC-1	6.5070243	8.411153
ibd_pbmc_post_GCTGCAATCATGGTGT-1	0.42776003	0.32171497
fast_pie_b2_43_TAATGGACAGTTAAAG-1	-1.3605484	-0.4321076
fast_pie_b3_44_AACTAGCTCCTGAATA-1	9.888115	1.4731092
tnf_pre_pie_b2_52_ACCCGCTGTAGTAAGA-1	6.7989774	4.2449336
tnf_pre_pie_b2_52_TTAATCGAGTAACGAG-1	10.173809	3.7806327
fast_pie_b2_43_AGCTTCCTCTACCTAT-1	0.93060625	-2.0425396
lgtd17_CCTACTGGTGGGTACT-1	-0.6359692	5.0078692
fast_pie_b3_45_AAACGGATCGAGGAAC-1	1.3254157	1.3351964
fast_pie_b1_41_AGCTACGTCATGCAAC-1	9.150566	9.18306
tnf_post_pie_b2_2_55_CACTTAAAGGCAGGTG-1	1.6645948	6.772855
HDa_AGCGTGCTCCCTCATA-1	9.979143	8.847713
HDa_GGACCTCAGAGCCGGA-1	10.656762	8.979116
tnf_pre_pie_b2_52_AGCCTCCGTATTACCC-1	8.998879	8.612335
fast_pie_b3_44_CGAGTCGGTGTTGTAG-1	1.9599415	5.261969
ibd_pbmc_pre_CAAAGGATCCCGTTAC-1	1.7397178	0.47922042
HDu_AGTCAGGCATAATTGC-1	3.714087	6.856218
fast_pie_b2_42_ACGATTCAGCAGCTAT-1	1.5715922	4.263711
fast_pie_b2_42_CTTGAATCACCAACCG-1	-2.417572	2.0562522
ibd_pbmc_post_AGAGGAACAATGCCCG-1	8.320326	8.934341
tnf_post_pie_b2_2_55_GGACCTCAGTTTGAGC-1	1.9698008	6.6802998
tnf_post_pie_b2_1_54_GTACCGGGTTAGCCAA-1	-2.0386715	3.1647565
fast_pie_b2_42_TCTTTGTAGGCCTAAT-1	7.7803926	6.1618834
tnf_post_pie_b2_1_54_CGCAATGTCCCTGGTT-1	8.014737	4.3858395
tnf_post_pie_b2_1_54_TAATGGTGTAAGGTCC-1	9.296225	6.6480846
fast_pie_b1_40_CTAGTCGAGCGATACT-1	10.20139	4.1166315
fast_pie_b2_43_GCAGGACCATCCGTAA-1	8.342976	3.3646739
tnf_pre_pie_b2_52_GTGGTTAGTCATAACG-1	2.9466643	2.2245357
fast_pie_b3_44_TAGCGGACATGGAGGC-1	10.118079	7.9996123
fast_pie_b2_42_TCGTCAACAAGATTCT-1	-1.213089	2.5387816
fast_pie_b1_40_GCAAGTCGTACTTCAC-1	-1.5653142	0.849954
tnf_post_pie_b2_2_55_TACTTGTTCATCACTT-1	4.760836	4.753542
lgtd18_AGTTATGTCAGGAAGC-1	1.9873848	7.715469
lgtd18_GTGCTGGGTACTTCAC-1	1.4628386	8.47185
lgtd17_GCACGCTAGTATCGCG-1	-1.8937876	4.635105
tnf_post_pie_b2_1_54_TGATCACAGGGTTAGA-1	2.8187566	6.843771
fast_pie_b3_44_CGCATATAGCAGGCCT-1	9.963944	4.6900296
tnf_pre_pie_b2_52_GGTTTCTGTCACGAAC-1	1.7488412	2.1352391
lgtd18_GGCGTTATCATGCTCC-1	0.5561288	8.668071
fast_pie_b2_42_TTGTCAAAGTTCCCGT-1	8.182642	3.7022703
lgtd18_AGCTAAACATCCCGCT-1	1.0097145	8.855125
tnf_post_pie_b2_1_54_ACCCTGTTCTAACCTT-1	-2.6047187	0.6220142
HDa_CGAACCGGTTACCGGG-1	10.892561	8.94938
fast_pie_b2_43_ATATGTCCACAAAGAC-1	-4.73912	1.2271255
fast_pie_b3_45_TTGGCGGGTGATCATG-1	9.408933	1.5392896
HDv_TAGTAGGAGGTCATTA-1	-0.65120095	1.9967324
lgtd17_TCAAGCTAGCAAGGGT-1	1.625226	5.1718416
ibd_ilc_post_CCTTAACGTTAGACCA-1	5.667737	1.1632496
lgtd18_GTGAGCGAGTGCACGC-1	2.159766	7.6090393
tnf_post_pie_b2_1_54_GGTGCTGGTAATGGAA-1	-5.7584524	0.9171509
lgtd17_GAGATAAGTTAACAGT-1	0.3367919	5.2725635
lgtd18_CTGCAATAGGTTTGCG-1	-0.015617449	8.598189
lgtd17_GGGAATATCCTTGTTG-1	0.17956938	4.7759657
HDa_CGGATAAAGAGCAAGC-1	-0.13959272	3.3845384
HDad_TGTTCCTCAGGTTATT-1	0.5092394	3.6286714
HDad_TGAGGTGCAGTTAGCC-1	0.6248944	5.344845
lgtd17_CGTTAACAGGCGCTAC-1	0.2868901	4.6898685
lgtd18_AAAGGTTAGTTATTCC-1	1.688576	9.183265
tnf_pre_pie_b2_52_CTAGATTCAGTTTCTC-1	-3.012081	2.7722874
tnf_pre_pie_b2_52_GCAGGCAAGGCTGTCA-1	0.26147965	0.82925427
lgtd17_CCATAAATCCCGAACA-1	-0.57544047	5.2659497
tnf_post_pie_b2_2_55_TAAGGCTTCAATTACG-1	2.2600582	-0.44720557
fast_pie_b1_40_TTGCTCTCAGGCTTGT-1	-0.41481948	-0.542574
fast_pie_b2_42_GCGCTTGCAAGCGAGC-1	0.016516453	-0.28094742
fast_pie_b3_44_GAGCTAGCACTGACCG-1	0.67363214	6.4537497
fast_pie_b2_42_TACGGTTAGCGATAGA-1	0.8385526	2.7416596
tnf_post_pie_b2_1_54_AAAGGCTCACATAGCC-1	10.11537	6.110885
tnf_post_pie_b2_2_55_GCGGTTGGTCTTGCTG-1	5.198397	2.4913142
fast_pie_b2_43_CAAGTAACAGTTATGT-1	4.3709097	0.7726263
fast_pie_b3_45_GGATAACCAGATAGAC-1	4.430454	1.6720927
lgtd17_GGACAGCCACCTACGG-1	-1.39505	4.445099
HDa_ATGCTTAAGAGGAGGA-1	11.596156	8.149144
fast_pie_b2_42_CACGCTAAGGCCTAAT-1	3.0324101	-0.9215861
fast_pie_b1_40_ATAGATGCAGCTACGT-1	5.6675725	1.5084273
tnf_post_pie_b2_2_55_GTGTTCCTCGCTATAA-1	2.6225312	3.4051964
tnf_post_pie_b2_1_54_GATGACTTCCCAGTAG-1	0.57891357	2.169446
ibd_pbmc_pre_TCATGCCTCACTAATG-1	7.9430323	3.459378
fast_pie_b3_45_ATGATGGAGTACTGGT-1	-0.75581837	-0.5660566
fast_pie_b1_41_GGCCATCAGCGAGGTG-1	2.0604043	0.6411317
fast_pie_b2_43_CGGACCTAGGCAACAA-1	-0.24519373	1.2418005
fast_pie_b2_42_GGTTCTTGTCATGAGC-1	11.061369	6.782459
fast_pie_b2_43_TAGCAGGCACCATATG-1	9.565771	5.2813525
tnf_post_pie_b1_1_50_AAGCGCTGTAGGTTAT-1	2.2917557	3.255822
tnf_post_pie_b2_1_54_ATTCCTCCACTGGCCA-1	4.5468326	6.6866956
lgtd18_TACCAAATCGATTTGA-1	4.72119	8.131463
fast_pie_b1_41_GTGGCTTCACAACAAA-1	1.4717557	0.053606324
lgtd17_GTAAGCGCACAGACTC-1	3.247155	2.7111516
HDa_AGTGATGAGGTCGAGG-1	-5.874488	1.2375623
lgtd17_CGATGTCCATTGTCCT-1	1.4162954	4.9900856
ibd_pbmc_post_GCTCTGTTCATAATCG-1	-3.9184072	2.3685439
lgtd17_GCTCGATCAAGGGTTG-1	1.8196971	5.5140057
fast_pie_b1_40_CAACCCGCAGGTTCAC-1	-1.0761828	0.9093506
fast_pie_b2_42_CGTAATGGTTTCAGGA-1	2.9253678	-0.9781045
ibd_pbmc_post_GGTCCTGCAGCAAGTG-1	9.254377	8.638162
fast_pie_b2_43_GTAAGCTTCATTTAGG-1	-3.8607051	1.5274138
tnf_post_pie_b2_1_54_CCCAATTGTCAAGTAT-1	-5.200963	1.650261
fast_pie_b1_41_ACCATTAAGTAACAGG-1	2.384559	1.2550461
lgtd18_CCCTCACCACCTGCCT-1	0.72843516	8.964486
fast_pie_b2_42_GCCCAAATCGGTTTCC-1	3.770491	1.6448197
ibd_pbmc_post_AGTGTGGCATCTTGAG-1	-2.9895446	1.2657781
fast_pie_b1_40_TGAGCACGTCGTTATC-1	1.1508194	1.9182491
fast_pie_b2_42_AGCAGGTAGAGAAGGG-1	6.779213	4.7500687
fast_pie_b3_44_CAAGACAAGGAGGACT-1	-0.38364983	2.6886463
tnf_pre_pie_b2_52_AGTGGACAGTTAGAGG-1	-1.8285059	3.5875678
fast_pie_b2_43_TCCATTGTCATTAGTG-1	-0.9436667	-1.4014199
fast_pie_b3_44_TGTTCCTCACATAACT-1	3.7926712	2.2776887
ibd_pbmc_post_CCTCAAACAACTAACT-1	-0.77525395	0.35816067
HDad_CGGTTGGGTTAGACCA-1	3.2086396	3.3672996
lgtd18_TTAACCAAGTTAGTTG-1	2.6752934	8.472058
fast_pie_b2_42_GTAAGCTTCGGTTACG-1	2.9133248	-0.96951
fast_pie_b2_42_TACCTCATCCGCAAGC-1	8.39028	8.465522
lgtd17_ATGCCTGAGGCAATAG-1	6.0681686	8.597701
fast_pie_b2_42_CCCTGGACACAGAACG-1	7.1193666	8.691395
tnf_post_pie_b2_1_54_CGGCCATAGGTTAGAG-1	7.706021	8.218329
tnf_post_pie_b2_1_54_TATCACAAGGACAATG-1	10.26989	5.9190254
HDad_GGCGGTTTCGGGATTT-1	8.177724	1.2353343
tnf_pre_pie_b2_52_TTACCGTGTAAAGCGG-1	-3.2652063	3.9928963
fast_pie_b3_44_TTGGGCGGTCAGTAAT-1	-1.2784005	-0.08730598
tnf_pre_pie_b2_52_CCGGTTAAGCGGATAA-1	1.8120949	3.0034373
fast_pie_b3_44_GCAATAGAGTGAACCT-1	-2.1211562	1.0596449
fast_pie_b2_43_GGATTCAGTAATCACG-1	10.091895	3.8306453
lgtd17_TCATTTGGTCTTGCAT-1	1.3001125	4.4199886
tnf_pre_pbmc_b1_49_TAGGTTATCCTAGTCC-1	4.827542	6.889927
tnf_pre_pie_b2_52_AGCACTTAGGTGAAGC-1	-2.4040282	3.6571574
lgtd17_GCATATATCAAACCTA-1	0.43186697	2.3507962
lgtd17_TCTAGCGAGGTGAGAC-1	-0.3379641	5.3666315
tnf_post_pie_b2_1_54_TTACCTGTCATGTGGT-1	5.150739	2.4998465
fast_pie_b3_44_CTCACTCAGCCACATG-1	4.747151	2.6846914
fast_pie_b1_40_GTTAAACGTTGCGGAT-1	8.77646	0.6502506
tnf_post_pie_b1_2_50_CAAACGCGTACCTTAC-1	7.8785133	6.6232815
fast_pie_b1_40_ATGCCTGAGGTCCAAT-1	0.055501737	0.20965174
fast_pie_b3_44_CCTGAATAGCACAGAA-1	0.6342848	0.8392306
fast_pie_b3_45_TGAAACTGTATACTGG-1	5.9710984	1.421063
lgtd17_AACCGGCTCTTCAATC-1	-0.24183376	4.627696
tnf_pre_pie_b2_52_ACCTTCCAGCACTTGG-1	0.93529814	4.46938
tnf_post_pie_b2_1_54_GCAGGTTGTTGACTTC-1	7.9639707	3.6327047
lgtd17_AGCTCATAGGGATTAG-1	1.1651291	4.894548
HDa_CAGAATCTCGGGATTT-1	0.5710965	2.6264598
fast_pie_b2_42_TCTTGACGTGTGAGGA-1	5.3486037	2.7286239
fast_pie_b3_45_GAGCTTAGTAACGAGG-1	1.1781759	-1.0764239
tnf_pre_pie_b2_52_ACTATGTCACCAGGTT-1	-3.244696	3.5594165
fast_pie_b2_42_CTTGTAAAGGTTAGCT-1	10.027597	5.849975
fast_pie_b2_42_ACACAATGTCATCATC-1	8.655429	7.047415
